54,244.1,102.47,3.706
79,325.5,114.87,2.223
56,264.3,73.32,0.11
60,314.1,68.92,6.829
49,240.2,40.34,13.274
17,95.1,47.82,11.521
34,173.9,48.68,0.85
50,228.5,40.61,1.108
113,400.3,113.86,0.435
98,459,95.02,2.911
16,112.1,25.2,2.919
103,383.3,108.37,0.629
57,354.4,54.9,7.944
42,189.4,38.08,7.181
57,244.3,42.15,5.359
39,158,46.56,0.646
41,166.4,44.74,0.269
72,264.8,85.12,5.32
71,324.5,51.62,17.531
71,401.7,71.45,0.289
56,274.9,44.43,0.073
19,116.7,50.63,17.241
57,320.1,63.51,1.823
75,210.2,106.16,11.703
53,231,70.17,8.771
63,295.5,87.81,0.322
57,288.6,49.11,1.046
37,141.2,67.55,0.572
49,187.8,84.86,2.619
27,156.5,24.19,11.503
61,262.3,64.95,2.175
20,116.7,28.45,0.086
22,95.9,36.51,12.757
27,102.2,32.53,2.008
30,166.9,45.95,1.004
71,376.9,87.72,0.085
49,297.2,63.26,3.504
28,107.5,40.06,2.889
70,241.2,54.06,3.323
35,131.1,48.35,0.397
41,190.8,46.26,0.669
38,163.1,36.59,0.506
49,281,58.58,29.209
49,175.1,56.29,0.584
26,96.9,41.09,1.489
42,204.8,69.05,0.526
40,229.3,59.67,7.84
55,216.4,88.81,1.964
65,227.9,58.99,2.231
65,276.7,57.21,8.185
26,98.8,38.27,5.507
45,206.7,78.59,6.502
19,115.5,44.42,0.082
21,113.2,33.13,2.782
43,144.3,46.74,8.521
73,287.1,52.53,3.381
28,131.4,48.48,7.736
50,311.3,60.56,48.179
39,213.1,37.73,13.014
65,281.6,65.42,0.371
22,138.9,21.96,0.576
44,169.7,61.13,1.666
54,228.5,60.28,0.763
65,360,106.59,1.777
73,407.1,54.8,12.62
45,234.1,71.06,0.901
14,81.8,26.69,1.302
28,127.2,42.36,1.422
22,128.9,42.18,5.501
89,323.5,117.83,9.473
31,166.5,33.54,1.598
58,269.7,91.57,1.243
39,224.6,37.84,8.114
61,248.8,51.9,5.918
28,154.5,34.72,4.16
15,95.5,33.5,268.391
15,70.1,20.97,2.097
53,244,67.4,3.337
40,244.3,57.04,1.764
39,188.3,53.15,5.042
71,290.7,86.49,0.91
49,240.6,44,9.068
47,205.6,74,31.087
74,343.4,79.8,2.273
27,132.3,48.4,1.805
57,252.5,50.91,0.859
59,285,67.99,0.983
38,228.1,62.69,0.155
47,234.1,74.48,1.845
20,138.4,32.4,0.533
20,75.2,21.06,13.157
45,192.9,42.61,2.527
57,265.6,69.15,2.172
94,337.3,110.2,16.297
30,118.2,48.16,0.139
47,238.4,49.21,3.279
41,214.9,92.93,0.409
30,153.8,43.59,0.762
34,176.8,58.34,2.947
54,210.6,57.05,7.619
60,242.5,50.84,0.57
26,126.1,45.95,4.585
45,184.9,72.56,17.828
32,165.9,71.15,0.555
49,334.2,51.84,0.452
31,140.3,29.36,1.965
53,265.4,92.92,5.122
58,215.1,70.21,2.005
77,411.1,59.76,0.588
39,156.8,44.5,2.377
28,142.6,33.35,2.728
26,119.2,53.01,1.027
70,329.1,86.28,0.372
22,112.9,37.24,3.843
62,270.8,73.19,2.052
45,346.3,45.89,1.16
71,276.3,96.82,0.776
22,112.5,38.41,0.944
39,291.3,47.89,0.545
19,83,30.74,0.42
100,451.6,91.91,13.347
59,218.9,53.65,1.392
70,361.5,89.97,0.15
22,120.4,50.04,0.962
34,182.1,86.24,9.813
38,170.4,56.55,0.892
65,295,57.69,28.765
38,228.9,52.33,0.621
57,172.3,50.66,0.646
54,183.7,54.02,0.425
36,184.8,41.1,11.46
27,119.7,32.45,0.838
35,158.4,51.94,3.74
53,185.4,47.13,0.169
49,190.3,69.52,0.847
44,189.3,66.99,5.376
17,79.3,38.15,0.293
65,246.1,70.91,2.156
50,211.4,69.91,4.553
37,150.4,77.54,28.813
43,253.6,55.47,5.232
38,151.7,47.86,8.275
50,310.5,93.56,1.176
37,166.7,26.51,0.839
27,104,35.52,2.177
24,108.6,67.79,0.524
20,123.5,29.59,10.765
32,188.7,39.39,6.404
36,177.1,35.69,8.473
62,286.8,84.09,13.254
53,267.2,36.86,1.701
43,154.9,44.25,0.841
42,178.8,62,4.4
27,99.6,40.43,11.258
63,256.8,81.51,7.248
40,222.9,53.86,8.261
29,161.4,49.81,19.151
70,444.7,53.9,3.115
39,187.7,53.5,12.174
31,106.2,29.96,1.965
37,235.9,60.2,6.536
26,163.8,36.54,0.244
21,98.3,40.11,20.213
93,399.5,78.35,0.14
76,369.1,85.19,2.723
49,239,77.09,1.19
18,108.6,18.98,0.352
26,127.8,24.55,3.31
40,185,32.55,3.292
59,264.2,82.19,16.609
17,78.6,32.61,2.456
48,281.4,49.2,4.757
14,79.3,38.93,2.88
50,253.8,61.72,18.077
51,199.1,40.7,10.902
52,195.6,47.62,2.032
40,187,36.95,2.41
47,205.3,72.75,28.855
34,198.9,39.87,1.396
60,294.4,50.36,7.244
16,95.6,24.93,0.536
52,183.9,49.89,0.638
26,111.7,48.86,7.296
36,179.8,54.97,5.289
54,228.5,67.91,9.779
63,346.9,77.7,0.774
21,136.6,34.47,9.209
68,267.1,57.68,2.588
56,290.7,73.92,1.863
42,247,43.38,25.201
39,195.2,39.13,17.266
39,241.2,38.82,0.068
37,211.1,61.31,3.414
43,209.4,69.96,0.559
44,236.9,35.56,1.276
59,271.7,64.55,0.772
73,292.7,81.74,22.871
52,250.8,52.94,12.868
39,184.8,61.58,4.6
55,233,68.25,5.745
47,289.6,55.15,3.976
23,120.8,31.24,5.58
62,432.7,81.43,2.916
49,212.8,73.24,1.53
46,231.8,63.57,4.283
53,313.6,58.77,1.256
48,350.4,73.67,1.107
24,130.4,30.03,1.334
40,163.8,53.61,1.752
40,216.3,73.69,2.024
33,126.1,43.24,89.196
76,310.4,63.83,0.319
26,135.5,63.33,0.401
33,208.3,43.43,2.893
29,182.7,46.97,1.854
20,103.3,26.92,0.669
39,216.5,55.02,3.266
38,169.1,56,6.188
73,351.7,76.88,0.354
38,250,54.52,1.085
22,116.4,47.58,0.29
75,303.7,54.75,2.267
67,269.1,76.6,2.557
38,205.7,30.75,5.568
13,92.8,25.57,0.392
34,236.7,75.97,3.125
40,189.6,65.56,1.613
48,227.7,58.64,16.136
38,161.3,45.99,3.169
52,308,69.97,0.893
51,227.3,78.84,1.419
18,89.6,31.39,0.895
24,178.7,56.22,17.317
28,161.4,33.86,0.929
33,180.5,27.78,0.18
37,147.4,40.67,1.479
43,216.5,51.92,11.116
37,192.9,45.01,5.409
34,136.1,37.76,2.558
67,282.4,101.8,29.115
22,105.6,23.47,0.828
61,296.3,60.6,2.95
50,191.4,47,0.541
42,238.1,47.87,0.613
47,290.2,48.49,1.193
12,65,26.97,5.283
41,193.2,40.85,43.569
75,348.4,63.35,6.63
45,254.9,57.38,0.401
44,222.2,72.17,1.47
29,151.1,26.2,0.871
42,182.1,84.48,1.289
48,209.7,46.62,11.746
51,258.5,71.79,3.523
36,227.2,62.58,8.851
38,199.9,70.25,4.945
83,284.7,73.18,0.609
52,253.9,62.03,8.08
87,358.3,82.49,0.264
50,216.9,51.31,6.638
63,265.7,74.36,4.917
80,290.6,88.68,10.421
31,145,40.56,0.238
38,156,51.43,1.474
51,218.6,119.02,2.054
63,284.2,69.9,2.325
52,243.4,73.74,7.446
19,96.8,28.59,5.721
44,200,48.58,5.318
56,251.4,59.11,2.614
49,243.6,68.56,24.709
64,350.4,57.81,1.228
63,306.9,43.77,2.328
30,141.1,43.77,0.842
48,243.5,52.41,1.824
24,118.6,40.34,5.939
17,67,30.33,0.317
61,181.3,82.08,2.663
43,149.5,68.1,0.664
42,188.1,38.39,6.526
61,242.3,46.59,0.105
55,217.3,72.1,0.106
50,228.7,64.66,22.865
68,262.9,57.71,1.598
61,243.1,93.3,0.104
48,242.5,58.66,0.159
29,165.5,43.8,1.756
30,224,46.24,3.172
66,305.1,87.15,3.318
61,271.9,99.85,9.911
43,179.8,50.55,3.296
38,175.4,32.7,1.791
63,274.9,89.88,9.629
60,197,53.53,43.879
43,191.6,74.22,2.082
42,221,45.92,1.394
47,194.3,83.13,9.496
54,266,51.82,0.935
48,259.2,44.11,0.216
45,249.3,71.03,1.705
45,235.5,39.58,2.889
24,83.9,44.49,2.489
51,210.6,67.86,0.374
56,293.5,62.53,0.817
60,283.6,61.92,0.722
29,144.9,71.01,8.379
52,252.7,55.92,1.644
45,252,53.39,5.298
59,269.8,52.97,4.908
54,212,51.17,1.498
61,260.1,58.78,0.102
40,183.2,80.05,3.447
40,219.6,47.13,5.749
63,296.4,58.56,0.647
27,146.2,35.61,1.95
33,164.1,54.79,1.031
18,89.6,22.19,25.666
35,171.7,56.11,1.91
56,259,46.16,2.716
59,207.3,64.82,0.415
23,121.2,22.93,0.664
34,190.6,53.08,0.261
46,206.8,67.26,5.966
37,231.4,41.7,4.973
49,245.7,64.03,0.577
51,215,63.17,152.111
25,121.6,50.64,7.939
40,177.7,53.14,3.676
36,179.5,62.88,35.425
66,325.6,69.46,0.05
31,142.6,37.07,1.745
19,109.4,31.98,1.927
38,242.8,47.73,2.699
15,95,33.97,0.421
43,228.4,53.28,4.425
32,135.4,36.33,0.072
86,329.1,82.01,2.35
65,297.9,96.14,3.863
40,183.2,46.42,1.881
52,177.5,51.98,3.454
15,64.8,35.76,0.636
38,214.4,51.44,4.561
46,187.1,52.06,1.14
58,366,54.74,0.166
38,122.4,34.43,1.256
74,342.8,80.44,0.789
34,162,42.72,0.43
49,198.2,64.48,4.266
56,268.7,44.9,2.125
45,180.6,77.57,1.365
60,309,76.55,0.879
49,227.6,40.2,24.731
28,103.7,53.02,11.619
34,107.3,39.93,1.506
80,321.9,87.51,2.277
31,184.6,46.52,19.336
45,214.7,44.98,29.461
54,245.5,30.87,10.455
45,234.8,64.24,1.227
25,100.2,35.25,0.834
34,207.7,40.03,6.175
41,163.5,58.1,0.547
72,312.6,64.05,0.401
26,122.8,46.42,1.174
58,266.5,68.93,8.389
49,160.9,46.24,2.54
38,235.5,62.26,2.888
22,125.1,39.81,10.808
37,250.1,67.91,2.844
41,246,42.36,0.363
14,77.5,21.01,7.073
47,183.3,62.11,4.086
27,99.6,47.24,1.752
41,193.3,64.98,1.076
50,234.6,59.77,0.884
25,151.7,36.2,1.929
37,150.9,58.38,0.602
50,259.9,97.87,0.928
59,266.9,83.75,0.215
63,244.1,71.48,0.919
91,430.7,76.54,0.707
62,285.4,78.07,4.757
37,168.4,43.52,17.736
51,320.7,64.84,9.453
23,128.4,43.47,9.616
80,332.9,102.55,5.515
62,284.5,79.5,4.541
59,263.9,93.74,6.16
26,133.3,61.88,0.669
49,242.8,36.98,6.979
32,140.5,28.76,0.331
37,153.3,39.06,5.06
32,164.5,27.1,0.574
23,160.7,32.92,0.466
25,120.2,35.22,1.013
39,154.6,54.2,0.283
93,370.2,96.43,2.049
55,227.1,53.73,10.582
41,180.6,42.79,1.376
57,274.8,79.42,4.207
48,216.1,53.3,2.55
53,215.2,44.07,12.316
14,70.6,26.02,1.577
23,93.6,37.99,3.104
34,142.3,42.27,81.022
45,164.1,66.26,11.162
65,261.2,75.43,0.493
37,147.4,46.99,10.728
68,261.5,72.33,0.5
52,224.8,69.3,2.03
66,235.3,64.41,3.087
46,209.3,43.33,7.375
30,156.4,41.44,1.102
14,64.7,26.85,4.481
46,256.4,64.58,28.439
59,200.3,66.37,0.115
37,165.7,44.16,0.398
32,122.1,52.45,12.008
37,165.8,47.86,1.287
21,88.3,42.26,1.889
33,146,45.01,7.997
39,163.9,51.32,56.134
44,166.5,53.86,0.284
42,137.4,42.36,0.512
55,271.7,50.63,1.781
45,293.1,44.14,2.002
79,488.3,125.86,2.348
49,206.2,56.41,1.252
79,331.4,101.75,12.461
29,131.3,45.67,0.511
53,243.6,99.59,2.716
38,153.7,63.12,8.827
55,177.5,46.85,3.511
55,244,58.58,0.787
17,73.6,37.07,2.396
17,65.3,31.79,1.242
15,119.7,47.49,0.814
51,222,59.96,15.224
72,332,51.55,1.487
37,213.5,54.67,0.84
59,196.6,53.17,0.644
54,259.5,63.64,2.399
22,124.6,46.43,0.212
51,234,65.47,0.169
28,143.6,44.53,2.671
73,286.4,72.92,0.289
42,223.4,51.91,1.098
75,278.6,76.22,6.4
35,145.4,23.46,7.975
55,277.4,70.07,20.286
42,260,68.33,0.44
46,196.7,40.79,7.23
24,110.5,25.2,3.258
55,264.7,74.58,13.089
42,235,36.68,2.783
21,128.1,22.4,6.793
31,157.2,53.15,11.048
48,197,49.53,1.079
23,133,50.03,1.002
62,270.2,50.04,0.272
30,188.2,37.2,1.754
79,263.1,85.5,3.409
22,114.7,40.02,0.656
47,268.4,64.68,2.228
13,66.7,26.26,1.172
29,127.8,39.51,1.047
31,130.4,38.28,6.437
51,220.3,68.42,6.805
62,262.4,62.32,11.197
49,228.6,65.7,0.393
36,146.8,63.17,1.631
59,265.8,38.08,5.343
59,235.4,104.55,0.287
45,196.7,48.07,35.991
54,211.5,87.88,2.838
51,221,89.68,0.883
24,220.1,25.47,9.416
58,460.4,69,3.521
30,179.4,102.46,2.356
31,173.7,41.75,0.721
46,172.1,64.59,0.142
37,159.2,53.51,0.471
40,170.8,71.69,0.759
55,269.1,83.53,3.943
64,303.1,55.36,5.027
39,188,45.8,0.616
49,212.7,64.88,6.927
38,155,49.7,5.443
48,218.1,109.35,1.657
52,283.9,68.36,0.48
31,162.3,48.88,7.623
48,228.3,47.63,1.646
55,275.2,45.93,0.437
45,228.9,68.12,2.92
77,249.7,75.63,4.386
31,152.1,51.71,0.223
28,131.1,33.79,32.876
15,56.5,33.68,0.08
61,214.7,43.34,0.172
60,251.9,99.97,12.543
41,223.1,65.57,3.257
61,258,69.92,1.051
47,224.1,42.86,2.035
49,191.1,53.39,5.99
45,144.8,59.87,0.544
52,237.7,82.86,8.048
45,177,43.25,5.692
98,491.6,128.31,1.869
20,140.3,66.08,2.664
69,279.6,65.11,0.779
21,130.7,37.8,0.553
21,130.4,29.36,1.116
34,130.3,30.65,9.355
40,185.9,74.53,1.396
39,191.3,60.39,1.016
54,264,55.26,0.46
51,258.1,62.23,0.365
58,288.6,62.22,2.067
78,372.7,55.57,9.521
67,277,35.32,12.684
18,100.5,30.2,4.634
71,208.4,66.96,1.258
61,220.1,58.94,1.152
25,156.3,31.15,3.461
44,183.5,35.2,8.16
44,214.5,48.22,8.624
87,470.2,89.41,0.083
42,167.4,40.83,1.865
33,135.8,51.24,0.469
48,200.8,54.29,0.986
48,236.2,56.81,27.004
44,198.5,38.82,0.623
31,128.4,36.32,0.16
19,76.2,35.32,2.608
49,210.8,48.73,1.659
17,85.6,30.43,1.072
23,106,58.8,7.481
69,286.9,90.39,4.676
35,138.6,61.35,3.515
40,207.6,93.94,1.32
61,185.4,91.29,3.381
37,180.9,54.55,1.292
63,311.4,113.83,2.644
36,149.7,38.78,4.75
63,274,58.73,3.329
55,260.8,106.17,0.729
39,165.2,56.98,0.894
26,130,38.74,0.42
22,123.5,39.96,8.927
38,152.5,46.71,1.923
34,190.6,43.69,0.747
35,202.1,43.14,5.528
62,289.9,60.29,0.93
37,177.1,39.04,3.905
66,234.9,70.44,19.455
33,171.7,39.28,8.164
62,222.6,99.07,1.573
33,207.9,48.28,1.686
46,233.8,73.83,36.556
62,286.2,66.69,1.548
35,156.5,46.47,3.142
34,114.3,64.37,3.261
82,284,119.85,8.008
62,289.6,69.35,2.762
34,250,71.92,3.464
56,283.2,72.52,3.243
36,181,53.02,112.917
57,231.6,112.84,7.443
71,312.5,110.46,0.537
81,405,103.19,0.322
63,266.1,77.28,0.177
72,426.4,66.27,31.604
44,165.6,53.57,0.586
77,309.4,125.63,8.858
46,214.1,34.3,4.454
19,70.5,26.92,0.203
22,122.9,33.18,41.572
36,176.1,50.66,4.58
57,258,41.83,30.672
49,257.1,67.78,3.344
51,276.9,73.04,2.618
32,176.7,35.2,0.434
46,195.1,53.12,2.116
47,215.9,42.81,2.457
28,147.7,61.79,0.204
27,108.4,43.97,1.944
53,201.2,58.67,2.555
43,185.1,42.96,0.678
20,106.8,34.14,3.703
43,270.3,82.6,0.324
29,165.9,45.5,0.846
30,136.2,46.86,2.343
60,238.8,50.02,0.807
45,271.2,58.57,3.765
51,367.3,73.61,1.161
60,274.9,48.01,0.539
47,197.3,75.9,8.089
54,190.6,116.56,4.92
56,297.7,43.96,4.712
66,302.8,42.87,5.589
52,288.5,60.69,9.091
71,262,90.91,8.841
43,210.3,53.63,2.104
42,175.7,51.51,1.018
77,405.7,79.2,1.694
33,145.3,35.05,12.806
43,196.9,36.02,0.332
61,254.3,101.47,0.858
46,250.7,61.07,9.565
71,328.4,55.81,7.115
63,234.6,91.55,0.951
49,199.9,42.65,1.467
28,115.2,39.61,1.583
54,265.4,76.02,1.323
16,90.2,22.95,0.051
48,165.9,53.38,1.054
59,189.2,67.22,3.18
47,215.1,94.11,79.084
60,300.4,75.99,0.223
83,360.8,75.55,0.771
61,207.8,64.64,1.122
48,169.6,54.64,0.487
56,288.7,89.12,0.728
51,227.1,56.85,0.112
17,85.6,24.5,1.69
35,209.1,50.32,0.919
67,255.2,70.93,4.462
42,201.3,65.43,2.18
54,262.7,80.59,9.893
23,136,47.74,22.743
44,177.4,65.14,2.401
55,261.4,74.58,0.312
16,139.1,46.35,2.884
50,175.4,44.78,16.29
39,200.1,47.11,1.733
24,119.3,24.68,3.577
42,171.3,67.65,0.469
65,245.7,71.25,19.239
46,230.2,52.64,3.665
20,153.5,21.37,1.062
23,104.6,38.42,0.162
20,113.9,30.87,0.713
88,335.2,61.82,0.428
49,311.2,44.13,0.955
97,439.2,76.37,3.365
45,203.8,52.73,6.939
59,288.9,43.98,2.526
43,199.8,51.92,2.268
45,250.3,65.16,3.508
36,164.9,43.73,107.013
14,62.9,21.8,3.294
42,205.1,57.9,2.47
62,355.8,90.76,21.325
77,268.6,71.16,2.288
35,159.4,41.95,0.729
46,250.1,39.52,8.093
46,153.7,44.66,1.169
50,254.8,70.15,2.708
39,207.2,49.21,7.445
20,109.9,40.5,6.72
83,306.7,98.47,0.181
56,248.3,70.5,0.058
33,162.2,55.4,0.698
17,106.4,43.47,23.831
30,167.1,50.2,2.846
49,211.6,66.07,1.593
46,277.7,55.98,1.583
29,141.9,30.85,9.491
58,225.8,58.41,3.283
55,229.9,69.43,4.083
56,288.8,48.75,0.087
35,172,53.08,1.54
64,324.9,76.05,2.058
56,253.5,66.2,0.551
92,585.3,96.4,1.932
64,211.3,70.79,0.81
66,267.7,71.29,7.374
44,201.3,55.1,0.85
18,95.2,38.41,14.156
36,218.8,47.09,1.876
28,144.6,21.29,7.663
32,152.2,39.65,61.586
54,245.5,66.16,2.211
32,177,57.07,18.822
25,113.6,54.48,0.4
35,181.1,37.54,30.82
40,143.7,62.57,0.326
51,228.5,64.52,1.813
24,104.7,35.55,1.225
49,201,59.75,0.357
45,216.3,55.24,0.281
69,247.3,76.64,5.274
39,155,53.97,0.249
40,146.5,44.11,0.268
20,71.2,25.39,10.875
16,82.9,35.97,2.005
49,273,56.11,3.535
38,175,71.56,0.517
53,229.4,49.39,1.489
25,107.1,33.3,3.169
81,446.8,116.69,2.571
45,200.9,80.09,29.232
64,347.9,54.23,0.784
39,193.9,53.31,1.597
40,179.2,72.3,6.969
57,303.8,90.7,8.292
54,286.8,45.7,0.104
21,106.5,51.03,1.111
13,89.1,29.19,0.725
21,149.5,36.53,1.953
15,81.3,26.04,4.331
44,196,43.46,3.898
35,179.5,48.61,11.073
36,181.6,45.22,3.914
16,100.1,51.33,3.21
58,248.4,69.53,8.261
52,264.1,58.65,3.804
41,230.8,52.72,0.274
63,285.8,59.86,2.358
26,133,65.45,0.167
51,187.5,71.39,10.582
50,185.9,61,0.085
50,177.1,79.29,0.877
29,114.6,41.4,2.304
49,219.5,58.09,1.889
33,121,39.72,33.701
25,187,33.06,2.173
19,114.8,48.23,0.796
63,196,84.84,4.824
26,108.4,40.4,0.327
40,183.2,78.91,4.532
19,75.3,32.37,2.914
37,163.4,53.15,1.11
36,206.2,33.85,0.787
22,108.3,39.12,0.335
15,80.4,19.01,0.119
23,99.2,28.29,1.059
39,166.8,64.48,6.417
37,138.6,53.45,0.685
81,365.9,66.14,21.544
32,143.1,40.4,0.528
38,206.2,53.56,49.62
12,84,25.17,0.708
34,194.9,30.19,2.321
17,88.8,21.7,17.212
44,185.8,35.22,12.721
60,215.1,66.16,0.642
51,235.9,39.49,6.056
29,169.5,50.38,0.376
26,124.3,30.71,0.155
72,300.3,57.52,5.392
83,390.2,130.83,0.149
45,242.6,96.67,0.081
23,94.1,29.91,1.828
67,300.3,71.58,15.986
31,158,72.29,12.427
34,158.7,40.58,0.212
60,311.2,104.24,2.115
16,79.9,34.69,6.669
28,120.5,41.65,8.619
51,243.6,55.82,20.785
51,249.7,92.63,21.596
45,200,66.77,7.225
53,272.7,53.03,0.236
64,217.7,77.92,2.123
62,227.9,55.45,0.252
32,91.8,46.38,12.715
59,285.9,97.9,27.283
46,180.4,65.26,0.099
33,153.2,37.89,7.003
19,121.3,35.46,1.196
56,251.7,54.06,0.976
36,159.8,80.3,0.527
44,176.4,35.2,13.307
27,130.9,34.38,3.554
12,77.3,29.47,1.673
46,164.9,46.52,3.74
42,193,53.6,9.143
67,331.6,85.12,0.543
59,205.1,91.25,0.607
64,313.4,55.7,5.618
28,157.3,39.65,21.578
25,107,33.57,13.045
18,73.9,30,1.682
53,256.5,68.15,0.271
98,462.2,79.54,0.06
57,282,80.06,0.498
28,157.1,45.53,10.886
59,215.7,59.66,0.878
21,119.1,36.3,3.061
15,73.8,34.97,2.752
57,231.6,83.83,0.073
28,105.6,48.25,13.063
49,270.7,58.41,41.688
71,314.6,64.33,1.887
51,273.9,64.17,8.944
61,349.8,60.94,0.642
21,88.9,31.19,4.891
56,279.6,81.38,48.326
85,356.8,121.69,14.307
54,282.2,72.87,0.7
13,85.4,41,0.433
39,211.7,34.81,2.166
33,139.6,46.17,1.402
51,224.7,61.85,1.82
51,242.4,91.09,13.461
51,395.7,68.85,2.787
36,211.1,44.54,24.269
31,226,50.69,1.875
31,164.3,52.03,1.638
60,274.6,70.53,6.573
45,228.8,33.51,3.791
39,168.1,65.81,1.46
48,272.9,24.5,0.185
30,144,44.35,0.375
52,187.4,41.95,5.045
42,225.6,48.69,4.519
25,95.1,53.53,0.221
46,155.4,50.09,2.394
38,188,80.63,4.425
35,142.7,57.7,0.343
29,122.6,39.56,0.447
44,199.3,44.17,11.992
85,327,74.51,0.144
35,162.3,52.38,3.908
32,164.3,24.95,8.673
25,103.6,44.61,0.136
56,203,69.11,1.645
29,98.8,51.11,0.343
54,226,104.74,2.289
62,306.7,63.76,1.062
40,166.7,40.54,0.168
48,241.3,78.93,5.054
56,272.9,80.36,4.891
41,229.3,51.19,0.791
54,285.8,54.13,4.415
18,85.4,33,0.266
65,245.4,53.55,0.314
24,120.8,37.33,0.355
29,127.5,35.8,1.697
70,388.9,60.96,0.911
42,246.8,67.95,35.167
52,238.4,61.87,1.798
36,159.4,67.71,4.646
23,127.7,27.51,4.732
37,159.2,52.8,3.493
55,242.8,49.31,2.666
37,162.2,57.91,12.926
39,188,70.84,0.349
51,280.2,78.45,23.244
15,93,16.19,5.599
29,172,49.49,0.357
66,245.3,71.7,10.574
55,253.5,69.18,11.787
18,79.8,26.69,25.897
66,307.4,47.53,1.065
32,163.4,55.8,23.388
47,270.1,50.9,2.969
62,327.3,63.22,0.223
45,231.8,58.28,0.624
21,99.4,64.12,8.064
49,206.3,105.06,29.447
20,73.4,23.7,0.339
24,113.2,33.12,1.693
30,113.6,55.22,0.747
19,115.9,18.9,33.54
38,208.4,68.08,0.522
25,130.4,35.57,14.738
37,166.6,70.42,0.784
34,167.5,37.38,6.412
35,220.3,37.71,0.274
33,201.4,81.77,18.983
67,271.3,84.26,0.073
55,253.9,59.06,3.244
44,169.2,42.73,3.761
14,83,34.71,0.584
67,330.3,78.93,0.469
53,276.6,35.18,4.989
94,300.7,72.28,0.423
62,298.2,145.15,1.917
48,189.9,58.28,0.029
24,113.6,22.46,0.088
20,121.5,26.83,1.87
54,254.6,56.62,10.698
74,308.1,91.91,0.168
63,307.8,67.06,5.535
34,217.2,48.01,4.198
41,174.1,52.76,0.827
60,211.6,53.19,1.929
60,216.7,90.1,53.523
35,142.5,43.27,0.245
81,304.8,72.89,4.109
35,186.6,50.21,2.73
51,162.4,59.78,3.242
20,111,29.48,1.982
31,131.6,45.08,3.05
20,125.7,56.02,1.372
51,199.1,69.31,0.158
69,298.2,62.56,0.833
31,130.3,35.59,2.843
52,208.1,57.66,2.949
33,153.1,30.91,4.946
45,200.1,88.41,55.958
67,265.4,76.01,0.167
45,253.7,42.09,5.55
23,127.1,36.86,2.452
26,179.5,27.41,1.889
40,178.2,59.66,0.707
39,221.9,48.94,1.652
26,91.2,39.56,5.549
47,238.7,62.67,3.79
68,314.5,90.62,0.18
38,169.2,41.01,7.787
39,207.2,35.34,2.908
35,197.3,46.75,34.278
28,164.4,33.29,0.377
16,90.5,31.22,0.677
35,187.8,30.13,0.144
53,214.4,77.53,2.011
73,260.5,82.81,8.898
78,318.7,60.86,0.975
41,197.1,48.46,0.918
37,205.6,60.47,1.286
59,229.3,122.63,1.572
53,218.7,56.81,9.285
58,428.4,93.38,2.048
58,233.3,53.46,0.97
14,105.8,27.4,5.182
54,284.4,59.6,0.258
41,175.5,57.57,4.909
28,136.6,36.34,1.467
29,139.4,29.72,49.511
68,321.2,68.6,0.756
27,170.2,44.9,3.776
19,74.4,27.82,2.387
47,305.7,55.19,0.395
83,397.9,91.9,7.437
44,184.1,62.69,0.071
49,219.2,49.32,0.108
25,130.6,35.29,0.28
76,341.4,97.86,14.176
45,257.3,61.23,8.75
53,289.8,44.71,0.306
24,115.7,55.16,1.527
60,259.2,57.76,0.656
51,260.6,50.79,2.838
20,107.6,23.33,46.766
44,246.5,53.52,0.537
34,146.3,45.6,37.201
45,226,51.77,0.995
38,189.5,40.72,0.752
39,234.7,33.84,4.991
23,92.3,76.12,5.794
37,174.6,71.29,3.043
58,260.8,60.44,0.221
77,221.4,77.39,0.709
20,129.8,36.32,0.544
90,603.5,87.5,0.927
73,301.9,66.54,0.619
46,223.8,72.07,3.788
37,163,37.14,9.12
29,153.9,69.02,1.373
59,246.9,43.17,4.593
29,142,39.09,6.243
34,215.3,57.94,2.445
60,231.3,69.84,1.329
52,211.8,42.03,0.886
61,264.7,85.63,0.349
53,233.5,64.83,1.327
35,215.1,38.87,2.541
33,225,50.51,1.511
59,220.7,80.4,2.773
30,131.3,73.93,2.144
66,316.2,70.43,5.466
59,243.9,61.76,0.777
49,312,51.94,1.675
43,264.6,33.62,2.876
50,251,68.5,1.138
112,498.7,60.78,3.046
41,180.6,49.11,0.14
12,78.8,22.54,3.979
81,414,101.14,3.998
55,252.7,31.92,1.996
30,205.9,54.4,1.178
95,438.2,79.7,1.045
54,237.8,45.55,0.155
49,237.3,58.9,10.347
28,165.8,43.28,5.19
22,105.9,31.65,0.392
51,229.7,42.31,0.218
35,249.5,63.91,1.122
22,105.5,37.23,5.553
56,293.1,53.95,6.974
37,201.2,66.53,4.46
78,434.2,87.66,6.329
73,342.2,55.74,27.812
46,140,66.56,0.155
37,153.9,31.71,4.045
66,313,54.97,1.844
20,111,34.79,0.65
