q1_script
q1a
    5.9413    5.9413    5.9413    5.9413    5.9413
    0.1386    0.1386    0.1386    0.1386    0.1386
   29.9700   34.5600   38.6100   53.1900   59.9400
    0.6000    0.6000    0.6000    0.6000    0.6000

q1b
   -0.0000    0.0000    0.0000   -0.0000    0.0000
    0.1787    0.2323    0.0637    0.1681    0.0984
   29.8237   34.3230   38.5221   51.8419   58.9438
    5.9413    5.9413    5.9413    5.9413    5.9413
    0.5971    0.5959    0.5986    0.5848    0.5900

q1c
   -0.0000    0.0000    0.0000   -0.0000   -0.0000
    0.1776    0.2335    0.0654    0.1638    0.1015
   29.8759   34.2016   38.4637   52.6192   58.1834
    6.4033    6.9067    6.1612    7.1629    8.3309
    0.5981    0.5938    0.5977    0.5936    0.5824
diary off
