q2_script
         0         0         0         0         0
    0.0305    0.0268    0.0174    0.0128    0.0313
   56.6627   70.8054   57.4892  101.4589   83.7788
    5.9413    5.9413    5.9413    5.9413    5.9413
    1.1344    1.2293    0.8934    1.1445    0.8386

         0         0         0         0         0
    0.0422    0.1384    0.0286    0.1270    0.0901
   53.0854   41.8942   54.5627   60.9417   63.2522
    3.9559    1.2435    5.2991    1.4951    2.3433
    1.0628    0.7273    0.8479    0.6874    0.6332

diary off
