1,0
1.01666666666667,1.3214778183092
1.03333333333333,2.4823634517263
1.05,3.50196231625327
1.06666666666667,4.39725631467245
1.08333333333333,5.18298076490169
1.1,5.87238326252775
1.11666666666667,6.47735497734781
1.13333333333333,7.00776973413834
1.15,7.4722448556754
1.16666666666667,7.87872957743882
1.18333333333333,8.23450520434906
1.2,8.5460810087047
1.21666666666667,8.81844975161849
1.23333333333333,9.05590834553021
1.25,9.26251346737675
1.26666666666667,9.44208172085821
1.28333333333333,9.59818963643797
1.3,9.73399535565964
1.31666666666667,9.85166609844437
1.33333333333333,9.95316599903981
1.35,10.0403570412269
1.36666666666667,10.1149897111224
1.38333333333333,10.1787029971794
1.4,10.2329799958987
1.41666666666667,10.2788700265709
1.43333333333333,10.3172724353222
1.45,10.3490433091894
1.46666666666667,10.3749879916042
1.48333333333333,10.3958610823931
1.5,10.4123561867904
1.51666666666667,10.4249803343667
1.53333333333333,10.4341453036743
1.55,10.4402446213335
1.56666666666667,10.4436486942708
1.58333333333333,10.4447048097195
1.6,10.4437353151573
1.61666666666667,10.440985983888
1.63333333333333,10.436645886033
1.65,10.4308958934448
1.66666666666667,10.423906344912
1.68333333333333,10.4158370461594
1.7,10.4068370990679
1.71666666666667,10.3970255578679
1.73333333333333,10.3864896268719
1.75,10.3753124205493
1.76666666666667,10.3635722546274
1.78333333333333,10.3513426460922
1.8,10.3386923131876
1.81666666666667,10.3256787292049
1.83333333333333,10.3123423637535
1.85,10.2987213955906
1.86666666666667,10.2848518175978
1.88333333333333,10.2707674364226
1.9,10.2564998724788
1.91666666666667,10.2420766107744
1.93333333333333,10.2275166736624
1.95,10.2128375526698
1.96666666666667,10.1980557775593
1.98333333333333,10.1831868820951
2,10.1682454040433
2.01666666666667,10.1532443380754
2.03333333333333,10.1381927445904
2.05,10.1230986095749
2.06666666666667,10.1079695131114
2.08333333333333,10.0928125815444
2.1,10.0776344874808
2.11666666666667,10.062441312223
2.13333333333333,10.0472374025034
2.15,10.0320263930503
2.16666666666667,10.0168117490836
2.18333333333333,10.0015967291341
2.2,9.98638438504384
2.21666666666667,9.9711775331058
2.23333333333333,9.95597825959094
2.25,9.94078821112969
2.26666666666667,9.9256089612746
2.28333333333333,9.91044198944251
2.3,9.89528868091455
2.31666666666667,9.88015032262516
2.33333333333333,9.86502790769342
2.35,9.84992217440471
2.36666666666667,9.83483382684929
2.38333333333333,9.81976352625961
2.4,9.80471189101034
2.41666666666667,9.78967949643411
2.43333333333333,9.77466680493295
2.45,9.75967413903967
2.46666666666667,9.74470180334247
2.48333333333333,9.72975008293327
2.5,9.7148192434077
2.51666666666667,9.69990953086507
2.53333333333333,9.68502114979489
2.55,9.67015423201279
2.56666666666667,9.65530889857566
2.58333333333333,9.64048526176279
2.6,9.62568342500018
2.61666666666667,9.61090348286058
2.63333333333333,9.59614551457091
2.65,9.58140956437526
2.66666666666667,9.56669566900552
2.68333333333333,9.55200386144422
2.7,9.53733417066918
2.71666666666667,9.52268662165354
2.73333333333333,9.5080612336191
2.75,9.49345800994581
2.76666666666667,9.478876948863
2.78333333333333,9.46431804706212
2.8,9.44978129943866
2.81666666666667,9.43526669909209
2.83333333333333,9.42077423705153
2.85,9.40630389799472
2.86666666666667,9.39185566210171
2.88333333333333,9.37742950895559
2.9,9.36302541760129
2.91666666666667,9.34864336654563
2.93333333333333,9.33428333375727
2.95,9.31994529634928
2.96666666666667,9.30562922762816
2.98333333333333,9.29133509899818
3,9.27706288184996
3.01666666666667,9.26281254755228
3.03333333333333,9.24858406745216
3.05,9.23437741287475
3.06666666666667,9.22019255512345
3.08333333333333,9.20602946522131
3.1,9.19188811189007
3.11666666666667,9.17776846312546
3.13333333333333,9.16367048708381
3.15,9.14959415203485
3.16666666666667,9.13553942636178
3.18333333333333,9.12150627856123
3.2,9.10749467724328
3.21666666666667,9.09350459113147
3.23333333333333,9.07953598905685
3.25,9.06558883900541
3.26666666666667,9.05166310803591
3.28333333333333,9.03775876345677
3.3,9.02387577268807
3.31666666666667,9.01001410326151
3.33333333333333,8.99617372282041
3.35,8.98235459911973
3.36666666666667,8.96855670002603
3.38333333333333,8.95477999351754
3.4,8.94102444768408
3.41666666666667,8.9272900307271
3.43333333333333,8.91357671075412
3.45,8.89988445505466
3.46666666666667,8.8862132311458
3.48333333333333,8.87256300666421
3.5,8.85893374932801
3.51666666666667,8.84532542693678
3.53333333333333,8.83173800737153
3.55,8.81817145859475
3.56666666666667,8.80462574865036
3.58333333333333,8.79110084566374
3.6,8.77759671784171
3.61666666666667,8.76411333347257
3.63333333333333,8.75065066092603
3.65,8.73720866865329
3.66666666666667,8.72378732515544
3.68333333333333,8.71038659849428
3.7,8.69700645681918
3.71666666666667,8.68364686844099
3.73333333333333,8.67030780173073
3.75,8.65698922511967
3.76666666666667,8.64369110709923
3.78333333333333,8.63041341622109
3.8,8.61715612109708
3.81666666666667,8.60391919039925
3.83333333333333,8.59070259285986
3.85,8.57750629727137
3.86666666666667,8.56433027248643
3.88333333333333,8.55117448741791
3.9,8.53803891103886
3.91666666666667,8.52492351238254
3.93333333333333,8.51182826054243
3.95,8.49875312467218
3.96666666666667,8.48569807398567
3.98333333333333,8.47266307768747
4,8.45964810478201
4.01666666666667,8.44665312444446
4.03333333333333,8.43367810591814
4.05,8.4207230184982
4.06666666666667,8.40778783153169
4.08333333333333,8.39487251441748
4.1,8.3819770366063
4.11666666666667,8.36910136760073
4.13333333333333,8.35624547695522
4.15,8.34340933427606
4.16666666666667,8.33059290922139
4.18333333333333,8.31779617150122
4.2,8.30501909087738
4.21666666666667,8.2922616371636
4.23333333333333,8.27952378022543
4.25,8.26680548998028
4.26666666666667,8.25410673639742
4.28333333333333,8.24142748949796
4.3,8.22876771935489
4.31666666666667,8.21612739609302
4.33333333333333,8.20350648988903
4.35,8.19090497097146
4.36666666666667,8.1783228096207
4.38333333333333,8.16575997616899
4.4,8.15321644100626
4.41666666666667,8.14069217465304
4.43333333333333,8.12818714746184
4.45,8.11570132975882
4.46666666666667,8.10323469192431
4.48333333333333,8.09078720439279
4.5,8.07835883765287
4.51666666666667,8.06594956224732
4.53333333333333,8.05355934877309
4.55,8.04118816788123
4.56666666666667,8.02883599027698
4.58333333333333,8.01650278671972
4.6,8.00418852802298
4.61666666666667,7.99189318505444
4.63333333333333,7.97961672873592
4.65,7.96735913004341
4.66666666666667,7.95512036000705
4.68333333333333,7.94290038971112
4.7,7.93069919029405
4.71666666666667,7.91851673294844
4.73333333333333,7.90635298892102
4.75,7.89420792951267
4.76666666666667,7.88208152607844
4.78333333333333,7.86997375002752
4.8,7.85788457282325
4.81666666666667,7.84581396598313
4.83333333333333,7.83376190107879
4.85,7.82172834973604
4.86666666666667,7.80971328363481
4.88333333333333,7.79771667450921
4.9,7.78573849414748
4.91666666666667,7.77377871439203
4.93333333333333,7.7618373071394
4.95,7.74991424433488
4.96666666666667,7.73800949747508
4.98333333333333,7.72612303801191
5,7.71425483767738
5.01666666666667,7.70240486826637
5.03333333333333,7.69057310163661
5.05,7.6787595097087
5.06666666666667,7.66696406446608
5.08333333333333,7.65518673795506
5.1,7.6434275022848
5.11666666666667,7.63168632962734
5.13333333333333,7.61996319221754
5.15,7.60825806235315
5.16666666666667,7.59657091239477
5.18333333333333,7.58490171476585
5.2,7.57325044195271
5.21666666666667,7.56161706650451
5.23333333333333,7.55000156103328
5.25,7.53840389821392
5.26666666666667,7.52682405078416
5.28333333333333,7.51526199154461
5.3,7.50371769335873
5.31666666666667,7.49219112915285
5.33333333333333,7.48068227191613
5.35,7.46919109463643
5.36666666666667,7.457717569582
5.38333333333333,7.44626166934855
5.4,7.4348233667602
5.41666666666667,7.42340263469429
5.43333333333333,7.41199944608137
5.45,7.40061377390516
5.46666666666667,7.3892455912026
5.48333333333333,7.3778948710638
5.5,7.36656158663209
5.51666666666667,7.355245711104
5.53333333333333,7.34394721772923
5.55,7.33266607981069
5.56666666666667,7.3214022707045
5.58333333333333,7.31015576381996
5.6,7.29892653261957
5.61666666666667,7.28771455061902
5.63333333333333,7.27651979138722
5.65,7.26534222854626
5.66666666666667,7.25418183577142
5.68333333333333,7.24303858679118
5.7,7.23191245538723
5.71666666666667,7.22080341539445
5.73333333333333,7.20971144070091
5.75,7.19863650518408
5.76666666666667,7.18757858244619
5.78333333333333,7.17653764621443
5.8,7.16551367028753
5.81666666666667,7.15450662851448
5.83333333333333,7.14351649479457
5.85,7.13254324307736
5.86666666666667,7.1215868473627
5.88333333333333,7.11064728170072
5.9,7.09972452019183
5.91666666666667,7.08881853698674
5.93333333333333,7.07792930628642
5.95,7.06705680234214
5.96666666666667,7.05620099945545
5.98333333333333,7.04536187197817
6,7.03453939431243
6.01666666666667,7.02373354091061
6.03333333333333,7.01294428627541
6.05,7.00217160495977
6.06666666666667,6.99141547156696
6.08333333333333,6.9806758607505
6.1,6.96995274721421
6.11666666666667,6.95924610571217
6.13333333333333,6.94855591104878
6.15,6.93788213807869
6.16666666666667,6.92722476170686
6.18333333333333,6.91658375688851
6.2,6.90595909862915
6.21666666666667,6.89535076198433
6.23333333333333,6.88475872180637
6.25,6.8741829528235
6.26666666666667,6.8636234298209
6.28333333333333,6.8530801276419
6.3,6.842553021188
6.31666666666667,6.83204208541884
6.33333333333333,6.82154729535226
6.35,6.81106862606424
6.36666666666667,6.80060605268892
6.38333333333333,6.7901595504186
6.4,6.77972909450378
6.41666666666667,6.76931466025307
6.43333333333333,6.75891622303328
6.45,6.74853375826936
6.46666666666667,6.73816724144444
6.48333333333333,6.72781664809981
6.5,6.71748195383492
6.51666666666667,6.70716313430736
6.53333333333333,6.69686016523293
6.55,6.68657302238556
6.56666666666667,6.67630168159735
6.58333333333333,6.66604611875855
6.6,6.65580630981761
6.61666666666667,6.64558223078109
6.63333333333333,6.63537385771377
6.65,6.62518116673854
6.66666666666667,6.61500413403649
6.68333333333333,6.60484273584686
6.7,6.59469694846702
6.71666666666667,6.58456674789142
6.73333333333333,6.57445210964868
6.75,6.564353009424
6.76666666666667,6.55426942297792
6.78333333333333,6.5442013261463
6.8,6.53414869484033
6.81666666666667,6.52411150504657
6.83333333333333,6.51408973282685
6.85,6.5040833543184
6.86666666666667,6.49409234573373
6.88333333333333,6.48411668336071
6.9,6.47415634356254
6.91666666666667,6.46421130277774
6.93333333333333,6.45428153752018
6.95,6.44436702437905
6.96666666666667,6.43446774001887
6.98333333333333,6.42458366117951
7,6.41471476467616
7.01666666666667,6.40486102739935
7.03333333333333,6.39502242631492
7.05,6.38519893846407
7.06666666666667,6.37539054096333
7.08333333333333,6.36559721100455
7.1,6.35581892585492
7.11666666666667,6.34605566285696
7.13333333333333,6.33630739942853
7.15,6.3265741130628
7.16666666666667,6.31685578010188
7.18333333333333,6.30715237616594
7.2,6.29746387802833
7.21666666666667,6.28779026253302
7.23333333333333,6.27813150659294
7.25,6.26848758718999
7.26666666666667,6.25885848137502
7.28333333333333,6.24924416626785
7.3,6.23964461905725
7.31666666666667,6.23005981700096
7.33333333333333,6.22048973742568
7.35,6.21093435772706
7.36666666666667,6.20139365536973
7.38333333333333,6.19186760788725
7.4,6.18235619288218
7.41666666666667,6.17285938802602
7.43333333333333,6.16337717105921
7.45,6.15390951979119
7.46666666666667,6.14445641210034
7.48333333333333,6.13501782593401
7.5,6.12559373930848
7.51666666666667,6.11618413030904
7.53333333333333,6.1067889770899
7.55,6.09740825706987
7.56666666666667,6.08804194712982
7.58333333333333,6.07869002499953
7.6,6.06935246846174
7.61666666666667,6.06002925534881
7.63333333333333,6.05072036354268
7.65,6.0414257709749
7.66666666666667,6.03214545562665
7.68333333333333,6.02287939552869
7.7,6.01362756876139
7.71666666666667,6.00438995345473
7.73333333333333,5.9951665277883
7.75,5.98595726999128
7.76666666666667,5.97676215834248
7.78333333333333,5.96758117117028
7.8,5.95841428685271
7.81666666666667,5.94926148381736
7.83333333333333,5.94012274054147
7.85,5.93099803555184
7.86666666666667,5.92188734742492
7.88333333333333,5.91279065478674
7.9,5.90370793631293
7.91666666666667,5.89463917064048
7.93333333333333,5.88558433597127
7.95,5.87654341075496
7.96666666666667,5.86751637353435
7.98333333333333,5.8585032028945
8,5.8495038774627
8.01666666666667,5.84051837590848
8.03333333333333,5.83154667694363
8.05,5.82258875932216
8.06666666666667,5.81364460184034
8.08333333333333,5.80471418333666
8.1,5.79579748269186
8.11666666666667,5.78689447882893
8.13333333333333,5.7780051507131
8.15,5.76912947735182
8.16666666666667,5.76026743779482
8.18333333333333,5.75141901113402
8.2,5.74258417650364
8.21666666666667,5.73376291308009
8.23333333333333,5.72495520008205
8.25,5.71616101677044
8.26666666666667,5.7073803424484
8.28333333333333,5.69861315646134
8.3,5.68985943819689
8.31666666666667,5.68111916708494
8.33333333333333,5.6723923225976
8.35,5.66367888421639
8.36666666666667,5.65497883125437
8.38333333333333,5.64629214298703
8.4,5.63761879873469
8.41666666666667,5.62895877786263
8.43333333333333,5.62031205978104
8.45,5.61167862394508
8.46666666666667,5.6030584498548
8.48333333333333,5.59445151705524
8.5,5.58585780513634
8.51666666666667,5.57727729373299
8.53333333333333,5.56870996252501
8.55,5.56015579123716
8.56666666666667,5.55161475963915
8.58333333333333,5.54308684754562
8.6,5.53457203481612
8.61666666666667,5.52607030135518
8.63333333333333,5.51758162711224
8.65,5.50910599208168
8.66666666666667,5.50064337630283
8.68333333333333,5.49219375985994
8.7,5.4837571228822
8.71666666666667,5.47533344554375
8.73333333333333,5.46692270806366
8.75,5.45852489070592
8.76666666666667,5.45013997377949
8.78333333333333,5.44176793763824
8.8,5.43340876268098
8.81666666666667,5.42506242935148
8.83333333333333,5.41672891813924
8.85,5.40840820954956
8.86666666666667,5.40010028368368
8.88333333333333,5.3918051205475
8.9,5.38352270020829
8.91666666666667,5.3752530027947
8.93333333333333,5.36699600849676
8.95,5.35875169756585
8.96666666666667,5.35052005031476
8.98333333333333,5.34230104711763
9,5.33409466840999
9.01666666666667,5.32590089468874
9.03333333333333,5.31771970651215
9.05,5.30955108449988
9.06666666666667,5.30139500933295
9.08333333333333,5.29325146175377
9.1,5.2851204225661
9.11666666666667,5.27700187263512
9.13333333333333,5.26889579288734
9.15,5.26080216431067
9.16666666666667,5.25272096795438
9.18333333333333,5.24465218492915
9.2,5.23659579640698
9.21666666666667,5.2285517836213
9.23333333333333,5.22052012786688
9.25,5.21250081049989
9.26666666666667,5.20449381293784
9.28333333333333,5.19649911665966
9.3,5.18851670320563
9.31666666666667,5.1805465541774
9.33333333333333,5.17258865029186
9.35,5.16464297160761
9.36666666666667,5.15670949894067
9.38333333333333,5.14878821317917
9.4,5.14087909528292
9.41666666666667,5.1329821262835
9.43333333333333,5.12509728728419
9.45,5.11722455945999
9.46666666666667,5.10936392405763
9.48333333333333,5.10151536239556
9.5,5.09367885586396
9.51666666666667,5.08585438592473
9.53333333333333,5.07804193411148
9.55,5.07024148202956
9.56666666666667,5.06245301135603
9.58333333333333,5.05467650383969
9.6,5.04691194130104
9.61666666666667,5.03915930563232
9.63333333333333,5.03141857879749
9.65,5.02368974283223
9.66666666666667,5.01597277984394
9.68333333333333,5.00826767201175
9.7,5.00057440158651
9.71666666666667,4.99289295089079
9.73333333333333,4.98522330214847
9.75,4.97756543571562
9.76666666666667,4.96991933284041
9.78333333333333,4.96228497527385
9.8,4.95466234481806
9.81666666666667,4.94705142332627
9.83333333333333,4.93945219270285
9.85,4.93186463490327
9.86666666666667,4.92428873193412
9.88333333333333,4.91672446585312
9.9,4.90917181876909
9.91666666666667,4.90163077284199
9.93333333333333,4.8941013102829
9.95,4.88658341335398
9.96666666666667,4.87907706436855
9.98333333333333,4.87158224569104
10,4.86409893973698
10.0166666666667,4.85662712897304
10.0333333333333,4.849166795917
10.05,4.84171792313775
10.0666666666667,4.83428049325532
10.0833333333333,4.82685448894084
10.1,4.81943989279433
10.1166666666667,4.81203668667712
10.1333333333333,4.8046448528777
10.15,4.79726437383486
10.1666666666667,4.78989523202501
10.1833333333333,4.78253740996216
10.2,4.77519089019792
10.2166666666667,4.76785565532151
10.2333333333333,4.76053168795977
10.25,4.75321897077712
10.2666666666667,4.7459174864756
10.2833333333333,4.73862721779485
10.3,4.73134814751212
10.3166666666667,4.72408025844227
10.3333333333333,4.71682353343775
10.35,4.70957795538863
10.3666666666667,4.70234350722258
10.3833333333333,4.69512017190486
10.4,4.68790793243837
10.4166666666667,4.68070677186359
10.4333333333333,4.67351667325861
10.45,4.66633761973913
10.4666666666667,4.65916959445844
10.4833333333333,4.65201258060746
10.5,4.64486656131029
10.5166666666667,4.63773151948558
10.5333333333333,4.63060743815495
10.55,4.6234943003786
10.5666666666667,4.61639208925244
10.5833333333333,4.60930078790811
10.6,4.60222037951292
10.6166666666667,4.59515084726993
10.6333333333333,4.58809217441789
10.65,4.58104434423128
10.6666666666667,4.57400734002027
10.6833333333333,4.56698114513076
10.7,4.55996574294435
10.7166666666667,4.55296111687837
10.7333333333333,4.54596725038582
10.75,4.53898412695547
10.7666666666667,4.53201173011175
10.7833333333333,4.52505004341482
10.8,4.51809905046058
10.8166666666667,4.51115873488059
10.8333333333333,4.50422908034216
10.85,4.49731007054829
10.8666666666667,4.49040168923772
10.8833333333333,4.48350392018486
10.9,4.47661674719987
10.9166666666667,4.46974015412861
10.9333333333333,4.46287412485263
10.95,4.45601864328922
10.9666666666667,4.44917369342423
10.9833333333333,4.44233925918833
11,4.43551532418795
11.0166666666667,4.428701872049
11.0333333333333,4.4218988864434
11.05,4.41510635108901
11.0666666666667,4.40832424974969
11.0833333333333,4.40155256623525
11.1,4.39479128440149
11.1166666666667,4.38804038815019
11.1333333333333,4.38129986142907
11.15,4.37456968823186
11.1666666666667,4.36784985259825
11.1833333333333,4.36114033861391
11.2,4.35444113041046
11.2166666666667,4.34775221216553
11.2333333333333,4.34107356810269
11.25,4.3344051824915
11.2666666666667,4.3277470396475
11.2833333333333,4.32109912393218
11.3,4.31446141975304
11.3166666666667,4.30783391156351
11.3333333333333,4.30121658386304
11.35,4.29460942119701
11.3666666666667,4.2880124081568
11.3833333333333,4.28142552937976
11.4,4.27484876954921
11.4166666666667,4.26828211339445
11.4333333333333,4.26172554569073
11.45,4.25517905125931
11.4666666666667,4.24864261496087
11.4833333333333,4.24211622119368
11.5,4.23559985396689
11.5166666666667,4.22909349742556
11.5333333333333,4.22259713578212
11.55,4.21611075331636
11.5666666666667,4.20963433437545
11.5833333333333,4.20316786337391
11.6,4.19671132479365
11.6166666666667,4.19026470318394
11.6333333333333,4.1838279831614
11.65,4.17740114941006
11.6666666666667,4.17098418668128
11.6833333333333,4.1645770797938
11.7,4.15817981363373
11.7166666666667,4.15179237315455
11.7333333333333,4.14541474337711
11.75,4.13904690938962
11.7666666666667,4.13268885634767
11.7833333333333,4.1263405694742
11.8,4.12000203405953
11.8166666666667,4.11367323546136
11.8333333333333,4.10735415910474
11.85,4.10104479048209
11.8666666666667,4.09474511515321
11.8833333333333,4.08845511874526
11.9,4.08217478695276
11.9166666666667,4.07590410547187
11.9333333333333,4.06964305799141
11.95,4.06339162862621
11.9666666666667,4.05714980231496
11.9833333333333,4.05091756405444
12,4.0446948988995
12.0166666666667,4.03848179196308
12.0333333333333,4.03227822841616
12.05,4.02608419348785
12.0666666666667,4.01989967246529
12.0833333333333,4.01372465069374
12.1,4.00755911357649
12.1166666666667,4.00140304657495
12.1333333333333,3.99525643520859
12.15,3.98911926505495
12.1666666666667,3.98299152174966
12.1833333333333,3.97687319098642
12.2,3.97076425851701
12.2166666666667,3.96466471015129
12.2333333333333,3.95857453175719
12.25,3.95249370926071
12.2666666666667,3.94642222864596
12.2833333333333,3.9403600759551
12.3,3.93430723679915
12.3166666666667,3.92826369576721
12.3333333333333,3.92222943839522
12.35,3.91620445031319
12.3666666666667,3.91018871718781
12.3833333333333,3.90418222472245
12.4,3.89818495865722
12.4166666666667,3.89219690476888
12.4333333333333,3.88621804887091
12.45,3.88024837681349
12.4666666666667,3.87428787448349
12.4833333333333,3.86833652780447
12.5,3.86239432273671
12.5166666666667,3.85646124527714
12.5333333333333,3.85053728145945
12.55,3.84462241735397
12.5666666666667,3.83871663906775
12.5833333333333,3.83281993274456
12.6,3.82693228456482
12.6166666666667,3.82105368074568
12.6333333333333,3.81518410754097
12.65,3.80932355124123
12.6666666666667,3.80347199804152
12.6833333333333,3.79762943378093
12.7,3.79179584453948
12.7166666666667,3.78597121644683
12.7333333333333,3.78015553566263
12.75,3.77434878837653
12.7666666666667,3.76855096080816
12.7833333333333,3.76276203920715
12.8,3.75698200985312
12.8166666666667,3.75121085905569
12.8333333333333,3.74544857315445
12.85,3.73969513851899
12.8666666666667,3.73395054154892
12.8833333333333,3.72821476867379
12.9,3.72248780635319
12.9166666666667,3.71676964107668
12.9333333333333,3.7110602593638
12.95,3.7053596477641
12.9666666666667,3.69966779285712
12.9833333333333,3.69398468125239
13,3.68831029958943
13.0166666666667,3.68264463453774
13.0333333333333,3.67698767279683
13.05,3.6713394010962
13.0666666666667,3.66569980619533
13.0833333333333,3.6600688748837
13.1,3.6544465939795
13.1166666666667,3.64883295016863
13.1333333333333,3.64322793001815
13.15,3.6376315201256
13.1666666666667,3.63204370712242
13.1833333333333,3.62646447767398
13.2,3.62089381847962
13.2166666666667,3.61533171627256
13.2333333333333,3.60977815781999
13.25,3.60423312992303
13.2666666666667,3.5986966194167
13.2833333333333,3.59316861316999
13.3,3.5876490980858
13.3166666666667,3.58213806110096
13.3333333333333,3.57663548918625
13.35,3.57114136934637
13.3666666666667,3.56565568861995
13.3833333333333,3.56017843407955
13.4,3.55470959283168
13.4166666666667,3.54924915201676
13.4333333333333,3.54379709880915
13.45,3.53835342041715
13.4666666666667,3.53291810408298
13.4833333333333,3.5274911370828
13.5,3.52207250672669
13.5166666666667,3.51666220035868
13.5333333333333,3.51126020535671
13.55,3.50586650913268
13.5666666666667,3.5004810991324
13.5833333333333,3.49510396283562
13.6,3.48973508768351
13.6166666666667,3.48437446043943
13.6333333333333,3.47902206810246
13.65,3.47367789783104
13.6666666666667,3.46834193682453
13.6833333333333,3.46301417232328
13.7,3.45769459160857
13.7166666666667,3.45238318200264
13.7333333333333,3.44707993086866
13.75,3.44178482561077
13.7666666666667,3.43649785367407
13.7833333333333,3.43121900254459
13.8,3.42594825974932
13.8166666666667,3.42068561285619
13.8333333333333,3.4154310494741
13.85,3.4101845572529
13.8666666666667,3.40494612388336
13.8833333333333,3.39971573709723
13.9,3.39449338466722
13.9166666666667,3.38927905440695
13.9333333333333,3.38407273417104
13.95,3.37887441185501
13.9666666666667,3.37368407539538
13.9833333333333,3.36850171276958
14,3.36332731199602
