1,0
1.01666666666667,0.844658011203166
1.03333333333333,1.60774300202324
1.05,2.29692960774367
1.06666666666667,2.91921593175381
1.08333333333333,3.48096532877683
1.1,3.98777803185631
1.11666666666667,4.44480712099097
1.13333333333333,4.85680989450114
1.15,5.2281818171295
1.16666666666667,5.56278653257652
1.18333333333333,5.86388199867281
1.2,6.13452664021205
1.21666666666667,6.37759801146745
1.23333333333333,6.59579279619172
1.25,6.79162682500687
1.26666666666667,6.96737665575729
1.28333333333333,7.12479842107564
1.3,7.26544649934876
1.31666666666667,7.39080886366237
1.33333333333333,7.50230708180104
1.35,7.6012963162482
1.36666666666667,7.68906532418614
1.38333333333333,7.76683645444785
1.4,7.83561633188418
1.41666666666667,7.89611809979758
1.43333333333333,7.94904792114948
1.45,7.99508119280327
1.46666666666667,8.03486254552427
1.48333333333333,8.06900584397975
1.5,8.09809418673894
1.51666666666667,8.12267972856044
1.53333333333333,8.14321081554944
1.55,8.16001395095535
1.56666666666667,8.17340998532016
1.58333333333333,8.18370576554634
1.6,8.19119413489681
1.61666666666667,8.19615393299498
1.63333333333333,8.19884999582472
1.65,8.19953286550871
1.66666666666667,8.19840185970416
1.68333333333333,8.19560511773453
1.7,8.19128838775053
1.71666666666667,8.18559103775915
1.73333333333333,8.17864605562376
1.75,8.17058004906406
1.76666666666667,8.16151324565609
1.78333333333333,8.15155919914664
1.8,8.1408064692865
1.81666666666667,8.12932232739656
1.83333333333333,8.11717295079353
1.85,8.10442161018906
1.86666666666667,8.09112866968979
1.88333333333333,8.07735158679733
1.9,8.06314491240825
1.91666666666667,8.04856005024977
1.93333333333333,8.03363631074753
1.95,8.01840423477228
1.96666666666667,8.00289384140344
1.98333333333333,7.98713382561828
2,7.97115155829196
2.01666666666667,7.95497308619746
2.03333333333333,7.93862313200566
2.05,7.92212491952564
2.06666666666667,7.90549586828707
2.08333333333333,7.88874982397949
2.1,7.87190037544587
2.11666666666667,7.85496050839957
2.13333333333333,7.83794260542437
2.15,7.82085844597442
2.16666666666667,7.80371920637431
2.18333333333333,7.78653534235425
2.2,7.76931454533348
2.21666666666667,7.75206306770062
2.23333333333333,7.73478703299412
2.25,7.71749229008951
2.26666666666667,7.70018441319932
2.28333333333333,7.68286870187311
2.3,7.66555018099748
2.31666666666667,7.64823352603419
2.33333333333333,7.63092210585674
2.35,7.61361871773468
2.36666666666667,7.5963260937711
2.38333333333333,7.57904684105052
2.4,7.5617834416389
2.41666666666667,7.54453825258361
2.43333333333333,7.52731350591345
2.45,7.51011126294451
2.46666666666667,7.49293297205121
2.48333333333333,7.47577985808524
2.5,7.45865311295168
2.51666666666667,7.44155387171162
2.53333333333333,7.42448321258217
2.55,7.40744215693643
2.56666666666667,7.39043166930355
2.58333333333333,7.37345263030179
2.6,7.35650563520711
2.61666666666667,7.33959119348623
2.63333333333333,7.32270979806619
2.65,7.3058619160877
2.66666666666667,7.28904798890518
2.68333333333333,7.27226843208676
2.7,7.25552363541424
2.71666666666667,7.23881394724569
2.73333333333333,7.22213958417191
2.75,7.20550073058085
2.76666666666667,7.1888975626684
2.78333333333333,7.17233024499175
2.8,7.15579893046934
2.81666666666667,7.13930376038093
2.83333333333333,7.12284486436752
2.85,7.10642235157967
2.86666666666667,7.09003627085844
2.88333333333333,7.07368665931912
2.9,7.05737355010797
2.91666666666667,7.04109697117604
2.93333333333333,7.02485694527925
2.95,7.00865348997828
2.96666666666667,6.99248661763864
2.98333333333333,6.97635633050446
3,6.96026260350551
3.01666666666667,6.9442054074963
3.03333333333333,6.92818471147997
3.05,6.91220048219816
3.06666666666667,6.89625268413096
3.08333333333333,6.88034127949695
3.1,6.8644662282532
3.11666666666667,6.84862748539279
3.13333333333333,6.83282499370812
3.15,6.81705869470029
3.16666666666667,6.80132852906925
3.18333333333333,6.78563443658803
3.2,6.7699763561028
3.21666666666667,6.75435422553283
3.23333333333333,6.73876798187052
3.25,6.7232175597169
3.26666666666667,6.70770288833621
3.28333333333333,6.6922238966826
3.3,6.67678051342312
3.31666666666667,6.66137266690409
3.33333333333333,6.64600028515114
3.35,6.63066329586914
3.36666666666667,6.61536162644228
3.38333333333333,6.6000952033962
3.4,6.58486395090689
3.41666666666667,6.56966779269684
3.43333333333333,6.55450665252312
3.45,6.53938045417533
3.46666666666667,6.52428912147559
3.48333333333333,6.50923257827851
3.5,6.49421074847125
3.51666666666667,6.47922355597347
3.53333333333333,6.46427092434848
3.55,6.44935277582415
3.56666666666667,6.43446903258159
3.58333333333333,6.41961961697157
3.6,6.40480445151105
3.61666666666667,6.39002345888323
3.63333333333333,6.37527656193749
3.65,6.36056368368942
3.66666666666667,6.34588474732084
3.68333333333333,6.33123967617974
3.7,6.31662839373181
3.71666666666667,6.30205082279546
3.73333333333333,6.28750688599184
3.75,6.27299650618526
3.76666666666667,6.25851960643607
3.78333333333333,6.24407611000064
3.8,6.22966594033138
3.81666666666667,6.21528902107674
3.83333333333333,6.20094527608118
3.85,6.18663462938522
3.86666666666667,6.17235700522541
3.88333333333333,6.15811232803431
3.9,6.14390052244055
3.91666666666667,6.12972151293756
3.93333333333333,6.11557522375812
3.95,6.10146157944997
3.96666666666667,6.08738050474926
3.98333333333333,6.07333192458047
4,6.05931576405644
4.01666666666667,6.04533194847833
4.03333333333333,6.03138040333565
4.05,6.01746105430626
4.06666666666667,6.00357382725634
4.08333333333333,5.98971864824043
4.1,5.97589544350141
4.11666666666667,5.9621041394705
4.13333333333333,5.94834466276725
4.15,5.93461694019956
4.16666666666667,5.92092089854538
4.18333333333333,5.90725646449852
4.2,5.89362356509715
4.21666666666667,5.88002212755345
4.23333333333333,5.86645207925238
4.25,5.85291334775173
4.26666666666667,5.83940586078209
4.28333333333333,5.82592954624683
4.3,5.81248433222217
4.31666666666667,5.79907014695711
4.33333333333333,5.78568691887345
4.35,5.77233457656582
4.36666666666667,5.75901304880164
4.38333333333333,5.74572226452114
4.4,5.73246215283736
4.41666666666667,5.71923264303613
4.43333333333333,5.70603366457611
4.45,5.69286514708876
4.46666666666667,5.67972702037822
4.48333333333333,5.6666192142062
4.5,5.65354165844714
4.51666666666667,5.64049428329628
4.53333333333333,5.62747701910759
4.55,5.61448979639376
4.56666666666667,5.60153254582618
4.58333333333333,5.58860519823493
4.6,5.57570768460883
4.61666666666667,5.56283993609539
4.63333333333333,5.55000188400084
4.65,5.53719345979011
4.66666666666667,5.52441459508685
4.68333333333333,5.51166522167341
4.7,5.49894527149085
4.71666666666667,5.48625467663895
4.73333333333333,5.47359336937619
4.75,5.46096128211976
4.76666666666667,5.44835834744555
4.78333333333333,5.43578449808819
4.8,5.42323966694099
4.81666666666667,5.41072378705597
4.83333333333333,5.39823679164389
4.85,5.38577861407418
4.86666666666667,5.373349187875
4.88333333333333,5.36094844671619
4.9,5.34857632415412
4.91666666666667,5.33623275408836
4.93333333333333,5.32391767067049
4.95,5.31163100819823
4.96666666666667,5.29937270111541
4.98333333333333,5.28714268401203
5,5.27494089162417
5.01666666666667,5.26276725883408
5.03333333333333,5.25062172067011
5.05,5.23850421230677
5.06666666666667,5.22641466906468
5.08333333333333,5.21435302641059
5.1,5.20231921995739
5.11666666666667,5.19031318546409
5.13333333333333,5.17833485883585
5.15,5.16638417612393
5.16666666666667,5.15446107352575
5.18333333333333,5.14256548738485
5.2,5.13069735419088
5.21666666666667,5.11885661057964
5.23333333333333,5.10704319333307
5.25,5.09525703937922
5.26666666666667,5.08349808579228
5.28333333333333,5.07176626979257
5.3,5.06006152874654
5.31666666666667,5.04838380016676
5.33333333333333,5.03673302171194
5.35,5.02510913118693
5.36666666666667,5.01351206654269
5.38333333333333,5.00194176587632
5.4,4.99039816743105
5.41666666666667,4.97888120959625
5.43333333333333,4.9673908309074
5.45,4.95592696998823
5.46666666666667,4.9444895653982
5.48333333333333,4.93307855609667
5.5,4.92169388121604
5.51666666666667,4.91033548002345
5.53333333333333,4.89900329192082
5.55,4.88769725644486
5.56666666666667,4.87641731326702
5.58333333333333,4.86516340219354
5.6,4.85393546316542
5.61666666666667,4.84273343625845
5.63333333333333,4.83155726168318
5.65,4.82040687978491
5.66666666666667,4.80928223104375
5.68333333333333,4.79818325607455
5.7,4.78710989562695
5.71666666666667,4.77606209058534
5.73333333333333,4.76503978196891
5.75,4.75404291093159
5.76666666666667,4.74307141876211
5.78333333333333,4.73212524688395
5.8,4.72120433685536
5.81666666666667,4.71030863036938
5.83333333333333,4.6994380692538
5.85,4.68859259547119
5.86666666666667,4.67777215111891
5.88333333333333,4.66697667842905
5.9,4.65620611976849
5.91666666666667,4.64546041763891
5.93333333333333,4.63473951467671
5.95,4.6240433536531
5.96666666666667,4.61337187747404
5.98333333333333,4.60272502918027
6,4.59210275194729
6.01666666666667,4.58150498908539
6.03333333333333,4.57093168403962
6.05,4.5603827803898
6.06666666666667,4.54985822185051
6.08333333333333,4.53935795227113
6.1,4.52888191563578
6.11666666666667,4.51843005606338
6.13333333333333,4.50800231780759
6.15,4.49759864525686
6.16666666666667,4.48721898292047
6.18333333333333,4.47686327517542
6.2,4.46653146662125
6.21666666666667,4.4562235020707
6.23333333333333,4.44593932646493
6.25,4.43567888487351
6.26666666666667,4.42544212249447
6.28333333333333,4.41522898465427
6.3,4.40503941680778
6.31666666666667,4.39487336453834
6.33333333333333,4.38473077355769
6.35,4.37461158970602
6.36666666666667,4.36451575895194
6.38333333333333,4.35444322739251
6.4,4.34439394125322
6.41666666666667,4.33436784688797
6.43333333333333,4.32436489077912
6.45,4.31438501953746
6.46666666666667,4.30442817990219
6.48333333333333,4.29449431874097
6.5,4.28458338304988
6.51666666666667,4.27469531995344
6.53333333333333,4.26483007670458
6.55,4.25498760068469
6.56666666666667,4.24516783940359
6.58333333333333,4.23537074049952
6.6,4.22559625173916
6.61666666666667,4.21584432101763
6.63333333333333,4.20611489635846
6.65,4.19640792591363
6.66666666666667,4.18672335789085
6.68333333333333,4.17706114018457
6.7,4.16742122113621
6.71666666666667,4.15780354928549
6.73333333333333,4.14820807328919
6.75,4.13863474192118
6.76666666666667,4.12908350407241
6.78333333333333,4.11955430875093
6.8,4.11004710508186
6.81666666666667,4.10056184230741
6.83333333333333,4.09109846978688
6.85,4.08165693699665
6.86666666666667,4.07223719353019
6.88333333333333,4.06283918909805
6.9,4.05346287352786
6.91666666666667,4.04410819676434
6.93333333333333,4.03477510886931
6.95,4.02546356002165
6.96666666666667,4.01617350051734
6.98333333333333,4.00690488076945
7,3.99765765130811
7.01666666666667,3.98843176278055
7.03333333333333,3.97922716595111
7.05,3.97004381170117
7.06666666666667,3.96088165102923
7.08333333333333,3.95174063505085
7.1,3.9426207149987
7.11666666666667,3.93352184222251
7.13333333333333,3.92444396818911
7.15,3.91538704448242
7.16666666666667,3.90635102271845
7.18333333333333,3.89733585443401
7.2,3.88834149150311
7.21666666666667,3.87936788592583
7.23333333333333,3.87041498981005
7.25,3.86148275537144
7.26666666666667,3.85257113493351
7.28333333333333,3.84368008092755
7.3,3.83480954589268
7.31666666666667,3.8259594824758
7.33333333333333,3.81712984343165
7.35,3.80832058162275
7.36666666666667,3.79953165001943
7.38333333333333,3.79076300169985
7.4,3.78201458984996
7.41666666666667,3.77328636776351
7.43333333333333,3.76457828884207
7.45,3.75589030659502
7.46666666666667,3.74722237463954
7.48333333333333,3.73857444670061
7.5,3.72994647661104
7.51666666666667,3.72133841831143
7.53333333333333,3.71275022585018
7.55,3.70418185338351
7.56666666666667,3.69563325517546
7.58333333333333,3.68710438559786
7.6,3.67859519913033
7.61666666666667,3.67010565036035
7.63333333333333,3.66163569398314
7.65,3.65318528480179
7.66666666666667,3.64475437772716
7.68333333333333,3.63634292777792
7.7,3.62795089008056
7.71666666666667,3.61957821986938
7.73333333333333,3.61122487248647
7.75,3.60289080338173
7.76666666666667,3.59457596807554
7.78333333333333,3.58628032209639
7.8,3.57800382112779
7.81666666666667,3.56974642095891
7.83333333333333,3.56150807748071
7.85,3.55328874668591
7.86666666666667,3.54508838466904
7.88333333333333,3.53690694762639
7.9,3.52874439185605
7.91666666666667,3.52060067375786
7.93333333333333,3.51247574983349
7.95,3.50436957668634
7.96666666666667,3.49628211102163
7.98333333333333,3.48821330964634
8,3.48016312946924
8.01666666666667,3.47213152750089
8.03333333333333,3.46411846085362
8.05,3.45612388674153
8.06666666666667,3.44814776248054
8.08333333333333,3.44019004548831
8.1,3.4322506932843
8.11666666666667,3.42432966348976
8.13333333333333,3.41642691382771
8.15,3.40854240212295
8.16666666666667,3.40067608630208
8.18333333333333,3.39282792439345
8.2,3.38499787452721
8.21666666666667,3.37718589493531
8.23333333333333,3.36939194395145
8.25,3.36161598001112
8.26666666666667,3.35385796165161
8.28333333333333,3.34611784751196
8.3,3.33839559633303
8.31666666666667,3.33069116695743
8.33333333333333,3.32300451832956
8.35,3.31533560949561
8.36666666666667,3.30768439960355
8.38333333333333,3.30005084790313
8.4,3.29243491374586
8.41666666666667,3.28483655658507
8.43333333333333,3.27725573585756
8.45,3.2696924109082
8.46666666666667,3.26214654121916
8.48333333333333,3.25461808637407
8.5,3.24710700605789
8.51666666666667,3.23961326005691
8.53333333333333,3.2321368082588
8.55,3.22467761065256
8.56666666666667,3.21723562732857
8.58333333333333,3.20981081847852
8.6,3.20240314439548
8.61666666666667,3.19501256547385
8.63333333333333,3.1876390422094
8.65,3.18028253519923
8.66666666666667,3.1729430051418
8.68333333333333,3.16562041283693
8.7,3.15831471918577
8.71666666666667,3.15102588519083
8.73333333333333,3.14375387195597
8.75,3.13649864068641
8.76666666666667,3.1292601526887
8.78333333333333,3.12203836937074
8.8,3.11483325224181
8.81666666666667,3.10764476291251
8.83333333333333,3.1004728630948
8.85,3.09331751460199
8.86666666666667,3.08617867934875
8.88333333333333,3.07905631935107
8.9,3.07195039672633
8.91666666666667,3.06486087369322
8.93333333333333,3.05778771257182
8.95,3.05073087578353
8.96666666666667,3.04369032585112
8.98333333333333,3.03666602539868
9,3.0296579371517
9.01666666666667,3.02266602386172
9.03333333333333,3.01569024729664
9.05,3.00873056979734
9.06666666666667,3.00178695410791
9.08333333333333,2.99485936306643
9.1,2.98794775960499
9.11666666666667,2.98105210674967
9.13333333333333,2.97417236762054
9.15,2.96730850543168
9.16666666666667,2.96046048349117
9.18333333333333,2.95362826520108
9.2,2.94681181405748
9.21666666666667,2.94001109365044
9.23333333333333,2.93322606766402
9.25,2.92645669987631
9.26666666666667,2.91970295415935
9.28333333333333,2.91296479447921
9.3,2.90624218489595
9.31666666666667,2.89953508956364
9.33333333333333,2.89284347273032
9.35,2.88616729873805
9.36666666666667,2.87950653202289
9.38333333333333,2.87286113711489
9.4,2.8662310786381
9.41666666666667,2.85961632131056
9.43333333333333,2.85301682994433
9.45,2.84643256944544
9.46666666666667,2.83986350481393
9.48333333333333,2.83330960114386
9.5,2.82677082361908
9.51666666666667,2.82024713688245
9.53333333333333,2.81373850568799
9.55,2.80724489526317
9.56666666666667,2.80076627091723
9.58333333333333,2.79430259804124
9.6,2.78785384210807
9.61666666666667,2.78141996867237
9.63333333333333,2.77500094337063
9.65,2.76859673192111
9.66666666666667,2.76220730012391
9.68333333333333,2.7558326138609
9.7,2.74947263909577
9.71666666666667,2.74312734187402
9.73333333333333,2.73679668832295
9.75,2.73048064465165
9.76666666666667,2.72417917715102
9.78333333333333,2.71789225219379
9.8,2.71161983623445
9.81666666666667,2.70536189580934
9.83333333333333,2.69911839753656
9.85,2.69288930811605
9.86666666666667,2.68667459432953
9.88333333333333,2.68047422304054
9.9,2.6742881611944
9.91666666666667,2.66811637581828
9.93333333333333,2.6619588340211
9.95,2.65581550299363
9.96666666666667,2.64968634999937
9.98333333333333,2.64357134211646
10,2.63747044658958
10.0166666666667,2.6313836308473
10.0333333333333,2.62531086239236
10.05,2.61925210880171
10.0666666666667,2.6132073377265
10.0833333333333,2.60717651689207
10.1,2.60115961409794
10.1166666666667,2.59515659721787
10.1333333333333,2.58916743419977
10.15,2.58319209306576
10.1666666666667,2.57723054191217
10.1833333333333,2.5712827489095
10.2,2.56534868230248
10.2166666666667,2.55942831041001
10.2333333333333,2.55352160162518
10.25,2.54762852441529
10.2666666666667,2.54174904732185
10.2833333333333,2.53588313896053
10.3,2.53003076802123
10.3166666666667,2.52419190326802
10.3333333333333,2.51836651353918
10.35,2.51255456774718
10.3666666666667,2.50675603487869
10.3833333333333,2.50097088399457
10.4,2.49519908422988
10.4166666666667,2.48944060479388
10.4333333333333,2.48369541497001
10.45,2.47796348411593
10.4666666666667,2.47224478166347
10.4833333333333,2.46653927711867
10.5,2.46084694006177
10.5166666666667,2.45516774012659
10.5333333333333,2.44950164688736
10.55,2.44384863006098
10.5666666666667,2.43820865945419
10.5833333333333,2.43258170494303
10.6,2.42696773647283
10.6166666666667,2.42136672405823
10.6333333333333,2.4157786377832
10.65,2.41020344780097
10.6666666666667,2.4046411243341
10.6833333333333,2.39909163767445
10.7,2.39355495818318
10.7166666666667,2.38803105629075
10.7333333333333,2.38251990249694
10.75,2.37702146737083
10.7666666666667,2.37153572155077
10.7833333333333,2.36606263574446
10.8,2.36060218072888
10.8166666666667,2.35515432735031
10.8333333333333,2.34971904652435
10.85,2.3442963092359
10.8666666666667,2.33888608653914
10.8833333333333,2.33348834955759
10.9,2.32810306948404
10.9166666666667,2.32273021758061
10.9333333333333,2.31736976517871
10.95,2.31202168367906
10.9666666666667,2.30668594455168
10.9833333333333,2.30136251933588
11,2.29605137964031
11.0166666666667,2.29075249714288
11.0333333333333,2.28546584359084
11.05,2.28019139080072
11.0666666666667,2.27492911065837
11.0833333333333,2.26967897511893
11.1,2.26444095620685
11.1166666666667,2.25921502601588
11.1333333333333,2.25400115670909
11.15,2.24879932051882
11.1666666666667,2.24360948975559
11.1833333333333,2.23843163678609
11.2,2.23326573387494
11.2166666666667,2.22811175333306
11.2333333333333,2.22296966754101
11.25,2.21783944894907
11.2666666666667,2.21272107007717
11.2833333333333,2.20761450351491
11.3,2.20251972192157
11.3166666666667,2.1974366980261
11.3333333333333,2.19236540462714
11.35,2.18730581459298
11.3666666666667,2.18225790086159
11.3833333333333,2.17722163644063
11.4,2.17219699440742
11.4166666666667,2.16718394790895
11.4333333333333,2.16218247016189
11.45,2.15719253445258
11.4666666666667,2.15221411413704
11.4833333333333,2.14724718264096
11.5,2.14229171345971
11.5166666666667,2.13734768015831
11.5333333333333,2.13241505637149
11.55,2.12749381580361
11.5666666666667,2.12258393222876
11.5833333333333,2.11768537949064
11.6,2.11279813150268
11.6166666666667,2.10792216224795
11.6333333333333,2.1030574457792
11.65,2.09820395621885
11.6666666666667,2.09336166775902
11.6833333333333,2.08853055466147
11.7,2.08371059125765
11.7166666666667,2.07890175194867
11.7333333333333,2.07410401120535
11.75,2.06931734356813
11.7666666666667,2.06454172364718
11.7833333333333,2.05977712612229
11.8,2.05502352574296
11.8166666666667,2.0502808971077
11.8333333333333,2.04554921425125
11.85,2.04082845170424
11.8666666666667,2.03611858410749
11.8833333333333,2.03141958617234
11.9,2.02673143268066
11.9166666666667,2.02205409848481
11.9333333333333,2.01738755850769
11.95,2.01273178774272
11.9666666666667,2.00808676125384
11.9833333333333,2.00345245417549
12,1.99882884171265
12.0166666666667,1.99421589914081
12.0333333333333,1.98961360180598
12.05,1.98502192512469
12.0666666666667,1.98044084458399
12.0833333333333,1.97587033574144
12.1,1.97131037422514
12.1166666666667,1.96676093573369
12.1333333333333,1.96222199603622
12.15,1.95769353097236
12.1666666666667,1.95317551645229
12.1833333333333,1.94866792845668
12.2,1.94417074303673
12.2166666666667,1.93968393631417
12.2333333333333,1.93520748448123
12.25,1.93074136380068
12.2666666666667,1.92628555060579
12.2833333333333,1.92184002130036
12.3,1.91740475235869
12.3166666666667,1.91297972032564
12.3333333333333,1.90856490181655
12.35,1.90416027308046
12.3666666666667,1.89976580961405
12.3833333333333,1.89538148784477
12.4,1.89100728430704
12.4166666666667,1.88664317559505
12.4333333333333,1.88228913836269
12.45,1.87794514932364
12.4666666666667,1.87361118525127
12.4833333333333,1.86928722297873
12.5,1.86497323939888
12.5166666666667,1.86066921146434
12.5333333333333,1.85637511618746
12.55,1.85209093064034
12.5666666666667,1.84781663195481
12.5833333333333,1.84355219732243
12.6,1.83929760399453
12.6166666666667,1.83505282928216
12.6333333333333,1.83081785055611
12.65,1.82659264524692
12.6666666666667,1.82237719084485
12.6833333333333,1.81817146489993
12.7,1.8139754450219
12.7166666666667,1.80978910888026
12.7333333333333,1.80561243420424
12.75,1.80144539878283
12.7666666666667,1.79728798046472
12.7833333333333,1.79314015715838
12.8,1.78900190680443
12.8166666666667,1.78487320697865
12.8333333333333,1.7807540354946
12.85,1.77664437034364
12.8666666666667,1.77254418956888
12.8833333333333,1.76845347126523
12.9,1.76437219357935
12.9166666666667,1.76030033470968
12.9333333333333,1.75623787290643
12.95,1.75218478647159
12.9666666666667,1.7481410537589
12.9833333333333,1.74410665317391
13,1.7400815631739
13.0166666666667,1.73606576226796
13.0333333333333,1.73205922901693
13.05,1.72806194203342
13.0666666666667,1.72407387998182
13.0833333333333,1.7200950215783
13.1,1.71612534559079
13.1166666666667,1.712164830839
13.1333333333333,1.70821345619441
13.15,1.70427120058027
13.1666666666667,1.70033804297159
13.1833333333333,1.69641396239518
13.2,1.69249893792961
13.2166666666667,1.68859294870521
13.2333333333333,1.6846959739041
13.25,1.68080799276016
13.2666666666667,1.67692898455904
13.2833333333333,1.67305892863819
13.3,1.66919780433681
13.3166666666667,1.66534559090366
13.3333333333333,1.6615022677492
13.35,1.65766781434229
13.3666666666667,1.65384221019926
13.3833333333333,1.650025434884
13.4,1.64621746800792
13.4166666666667,1.64241828922994
13.4333333333333,1.63862787825652
13.45,1.63484621484163
13.4666666666667,1.63107327878677
13.4833333333333,1.62730904994096
13.5,1.62355350820076
13.5166666666667,1.61980663351024
13.5333333333333,1.616068405861
13.55,1.61233880529215
13.5666666666667,1.60861781189034
13.5833333333333,1.60490540578974
13.6,1.60120156717204
13.6166666666667,1.59750627626646
13.6333333333333,1.59381951334974
13.65,1.59014125874615
13.6666666666667,1.58647149282748
13.6833333333333,1.58281019601304
13.7,1.57915734876966
13.7166666666667,1.57551293161171
13.7333333333333,1.57187692510108
13.75,1.56824930984717
13.7666666666667,1.56463006650692
13.7833333333333,1.56101917578478
13.8,1.55741661843275
13.8166666666667,1.55382237525032
13.8333333333333,1.55023642708452
13.85,1.54665875482992
13.8666666666667,1.54308933942858
13.8833333333333,1.53952816187012
13.9,1.53597520317397
13.9166666666667,1.53243044411915
13.9333333333333,1.52889386568848
13.95,1.52536544900761
13.9666666666667,1.52184517524523
13.9833333333333,1.5183330256131
14,1.51482898136599
