1,0
1.01666666666667,0.56939671653631
1.03333333333333,1.0754246277346
1.05,1.52501120273625
1.06666666666667,1.9243281996321
1.08333333333333,2.27895346245211
1.1,2.59374831794461
1.11666666666667,2.8729778429912
1.13333333333333,3.12055756435737
1.15,3.34006277878801
1.16666666666667,3.53470104245676
1.18333333333333,3.70702457930885
1.2,3.85934254463292
1.21666666666667,3.9938241561766
1.23333333333333,4.11249869414647
1.25,4.21725549088681
1.26666666666667,4.30972844959909
1.28333333333333,4.3911288521521
1.3,4.46256128278934
1.31666666666667,4.52507388580421
1.33333333333333,4.57965836554005
1.35,4.6272499863901
1.36666666666667,4.66872501844352
1.38333333333333,4.7047647273695
1.4,4.73588286559499
1.41666666666667,4.76257686678932
1.43333333333333,4.78531824178587
1.45,4.80455257858204
1.46666666666667,4.82069954233931
1.48333333333333,4.83414729846355
1.5,4.84517996567064
1.51666666666667,4.85402990769953
1.53333333333333,4.86092114820272
1.55,4.86606590598523
1.56666666666667,4.86966459500462
1.58333333333333,4.87190582437098
1.6,4.87295976395469
1.61666666666667,4.87294542540439
1.63333333333333,4.87196819595406
1.65,4.87012894274874
1.66666666666667,4.86752315463867
1.68333333333333,4.86424094217925
1.7,4.86036703763107
1.71666666666667,4.85597472518323
1.73333333333333,4.85111481473204
1.75,4.84583508512978
1.76666666666667,4.84018093738592
1.78333333333333,4.83419532223697
1.8,4.82791874014644
1.81666666666667,4.82138922468529
1.83333333333333,4.81463762370324
1.85,4.80768631452386
1.86666666666667,4.80055683750278
1.88333333333333,4.79326961669999
1.9,4.78584395987975
1.91666666666667,4.77829805851065
1.93333333333333,4.77064887457286
1.95,4.76290924764389
1.96666666666667,4.75508920466173
1.98333333333333,4.74719843251869
2,4.7392461095596
2.01666666666667,4.73124090558177
2.03333333333333,4.72319098183505
2.05,4.71510381565105
2.06666666666667,4.70698474468454
2.08333333333333,4.69883829217162
2.1,4.69066880562335
2.11666666666667,4.68248040088775
2.13333333333333,4.6742769621498
2.15,4.66606214193147
2.16666666666667,4.6578391795968
2.18333333333333,4.64961031101083
2.2,4.64137757450402
2.21666666666667,4.63314291288243
2.23333333333333,4.62490816343491
2.25,4.6166750579331
2.26666666666667,4.60844522263142
2.28333333333333,4.6002200239539
2.3,4.5920004141534
2.31666666666667,4.58378730120111
2.33333333333333,4.57558154513753
2.35,4.56738395795658
2.36666666666667,4.55919530360556
2.38333333333333,4.5510162963801
2.4,4.54284749236707
2.41666666666667,4.53468930106911
2.43333333333333,4.52654211702048
2.45,4.51840631289163
2.46666666666667,4.5102822394892
2.48333333333333,4.50217022575603
2.5,4.49407057464822
2.51666666666667,4.48598350240392
2.53333333333333,4.47790917926893
2.55,4.46984776860559
2.56666666666667,4.46179942384075
2.58333333333333,4.45376428846583
2.6,4.44574249603676
2.61666666666667,4.43773416505875
2.63333333333333,4.42973937097231
2.65,4.42175817688836
2.66666666666667,4.41379064222017
2.68333333333333,4.40583682187966
2.7,4.39789676627745
2.71666666666667,4.38997052132283
2.73333333333333,4.38205812364004
2.75,4.37415959068809
2.76666666666667,4.36627493718315
2.78333333333333,4.3584041758995
2.8,4.35054731758554
2.81666666666667,4.34270437096375
2.83333333333333,4.33487534272382
2.85,4.32706023372233
2.86666666666667,4.31925903749056
2.88333333333333,4.31147174687417
2.9,4.30369835382039
2.91666666666667,4.29593884937807
2.93333333333333,4.28819322369764
2.95,4.28046146595671
2.96666666666667,4.27274356202331
2.98333333333333,4.26503949522716
3,4.25734924863679
3.01666666666667,4.24967280495738
3.03333333333333,4.2420101465308
3.05,4.23436125533557
3.06666666666667,4.22672611295588
3.08333333333333,4.2191046995629
3.1,4.21149699388253
3.11666666666667,4.20390297451291
3.13333333333333,4.19632261999851
3.15,4.18875590883011
3.16666666666667,4.18120281944477
3.18333333333333,4.17366333022589
3.2,4.16613741948347
3.21666666666667,4.15862506469103
3.23333333333333,4.15112624253328
3.25,4.14364092974246
3.26666666666667,4.13616910309733
3.28333333333333,4.12871073942317
3.3,4.1212658155918
3.31666666666667,4.11383430852158
3.33333333333333,4.10641619517739
3.35,4.09901145257065
3.36666666666667,4.09162005752201
3.38333333333333,4.08424198620372
3.4,4.07687721484904
3.41666666666667,4.06952571975989
3.43333333333333,4.06218747730372
3.45,4.05486246391345
3.46666666666667,4.04755065608751
3.48333333333333,4.04025203038985
3.5,4.03296656344988
3.51666666666667,4.02569423196255
3.53333333333333,4.01843501268827
3.55,4.01118888236465
3.56666666666667,4.00395581733255
3.58333333333333,3.99673579401536
3.6,3.9895287889128
3.61666666666667,3.98233477858247
3.63333333333333,3.97515373963986
3.65,3.96798564875834
3.66666666666667,3.96083048266913
3.68333333333333,3.95368821816137
3.7,3.94655883208206
3.71666666666667,3.93944230133609
3.73333333333333,3.93233860288621
3.75,3.92524771375307
3.76666666666667,3.91816961101519
3.78333333333333,3.91110427168091
3.8,3.90405167259157
3.81666666666667,3.89701179074082
3.83333333333333,3.88998460317233
3.85,3.8829700869777
3.86666666666667,3.8759682192964
3.88333333333333,3.8689789773158
3.9,3.86200233827116
3.91666666666667,3.85503827944562
3.93333333333333,3.84808677817021
3.95,3.84114781182387
3.96666666666667,3.83422135783341
3.98333333333333,3.82730739367353
4,3.82040589686684
4.01666666666667,3.81351684498381
4.03333333333333,3.80664021564283
4.05,3.79977598651016
4.06666666666667,3.79292413528515
4.08333333333333,3.7860846395483
4.1,3.7792574769707
4.11666666666667,3.77244262529707
4.13333333333333,3.76564006231389
4.15,3.75884976584943
4.16666666666667,3.75207171377374
4.18333333333333,3.74530588399861
4.2,3.73855225447764
4.21666666666667,3.73181080320618
4.23333333333333,3.72508150822136
4.25,3.71836434760207
4.26666666666667,3.711659299469
4.28333333333333,3.70496634198458
4.3,3.69828545335304
4.31666666666667,3.69161661182038
4.33333333333333,3.68495979567434
4.35,3.67831498324447
4.36666666666667,3.67168215290209
4.38333333333333,3.66506128306026
4.4,3.65845235217385
4.41666666666667,3.65185533873949
4.43333333333333,3.64527022129557
4.45,3.63869697842109
4.46666666666667,3.63213558866762
4.48333333333333,3.62558603062116
4.5,3.61904828293409
4.51666666666667,3.61252232429783
4.53333333333333,3.60600813344277
4.55,3.59950568913831
4.56666666666667,3.59301497019286
4.58333333333333,3.58653595545382
4.6,3.58006862380758
4.61666666666667,3.57361295417955
4.63333333333333,3.56716892553414
4.65,3.56073651687475
4.66666666666667,3.55431570724378
4.68333333333333,3.54790647572263
4.7,3.54150880143172
4.71666666666667,3.53512266353044
4.73333333333333,3.5287480412172
4.75,3.52238491372942
4.76666666666667,3.51603326034348
4.78333333333333,3.50969306037481
4.8,3.5033642931778
4.81666666666667,3.49704693814587
4.83333333333333,3.49074097471142
4.85,3.48444638234587
4.86666666666667,3.47816314055961
4.88333333333333,3.47189122890206
4.9,3.46563062696163
4.91666666666667,3.45938131436573
4.93333333333333,3.45314327078077
4.95,3.44691647591216
4.96666666666667,3.44070090950431
4.98333333333333,3.4344965513596
5,3.42830338142117
5.01666666666667,3.42212137948042
5.03333333333333,3.41595052532739
5.05,3.4097907987927
5.06666666666667,3.40364217974758
5.08333333333333,3.39750464810388
5.1,3.39137818381402
5.11666666666667,3.38526276687108
5.13333333333333,3.37915837730869
5.15,3.37306499520113
5.16666666666667,3.36698260066325
5.18333333333333,3.36091117385054
5.2,3.35485069495906
5.21666666666667,3.3488011442255
5.23333333333333,3.34276250192716
5.25,3.33673474838192
5.26666666666667,3.33071786394829
5.28333333333333,3.32471182902537
5.3,3.31871662405288
5.31666666666667,3.31273222951113
5.33333333333333,3.30675862592106
5.35,3.30079579384417
5.36666666666667,3.29484371388262
5.38333333333333,3.28890236667914
5.4,3.28297173291708
5.41666666666667,3.27705179332039
5.43333333333333,3.27114252865363
5.45,3.26524391972195
5.46666666666667,3.25935594737114
5.48333333333333,3.25347859248756
5.5,3.2476118359982
5.51666666666667,3.24175565887064
5.53333333333333,3.23591004211307
5.55,3.23007496677429
5.56666666666667,3.22425041394371
5.58333333333333,3.21843636475133
5.6,3.21263280036776
5.61666666666667,3.20683970181999
5.63333333333333,3.20105704969419
5.65,3.19528482503642
5.66666666666667,3.18952300897174
5.68333333333333,3.18377158266818
5.7,3.17803052733669
5.71666666666667,3.1722998242312
5.73333333333333,3.16657945464856
5.75,3.16086939992859
5.76666666666667,3.15516964145404
5.78333333333333,3.14948016065062
5.8,3.14380093898698
5.81666666666667,3.13813195797473
5.83333333333333,3.13247319916841
5.85,3.12682464416554
5.86666666666667,3.12118627460654
5.88333333333333,3.11555807217482
5.9,3.10994001859671
5.91666666666667,3.10433209564152
5.93333333333333,3.09873428512148
5.95,3.09314656889177
5.96666666666667,3.08756892885054
5.98333333333333,3.08200134693885
6,3.07644380506967
6.01666666666667,3.07089628479512
6.03333333333333,3.06535876796049
6.05,3.05983123650675
6.06666666666667,3.05431367240977
6.08333333333333,3.04880605768028
6.1,3.04330837436395
6.11666666666667,3.03782060454131
6.13333333333333,3.03234273032781
6.15,3.02687473387377
6.16666666666667,3.02141659736444
6.18333333333333,3.01596830301992
6.2,3.01052983309525
6.21666666666667,3.00510116988033
6.23333333333333,2.99968229569998
6.25,2.99427319291391
6.26666666666667,2.98887384391671
6.28333333333333,2.98348423113788
6.3,2.97810433704181
6.31666666666667,2.97273414412779
6.33333333333333,2.96737363493
6.35,2.96202279201752
6.36666666666667,2.95668159799431
6.38333333333333,2.95135003549304
6.4,2.94602808708788
6.41666666666667,2.94071573540466
6.43333333333333,2.93541296312229
6.45,2.93011975295188
6.46666666666667,2.92483608763675
6.48333333333333,2.91956194995243
6.5,2.91429732270664
6.51666666666667,2.90904218873935
6.53333333333333,2.90379653092268
6.55,2.89856033216101
6.56666666666667,2.8933335753909
6.58333333333333,2.88811624358113
6.6,2.88290831973267
6.61666666666667,2.87770978687871
6.63333333333333,2.87252062808467
6.65,2.86734082644813
6.66666666666667,2.86217036509892
6.68333333333333,2.85700922719907
6.7,2.85185739594279
6.71666666666667,2.84671485455653
6.73333333333333,2.84158158629893
6.75,2.83645757446085
6.76666666666667,2.83134280236535
6.78333333333333,2.82623725336771
6.8,2.82114091085539
6.81666666666667,2.81605375824809
6.83333333333333,2.8109757789977
6.85,2.80590695658832
6.86666666666667,2.80084727453626
6.88333333333333,2.79579671639005
6.9,2.79075526576176
6.91666666666667,2.78572290631352
6.93333333333333,2.78069962159505
6.95,2.77568539518052
6.96666666666667,2.77068021067761
6.98333333333333,2.76568405172744
7,2.76069690200462
7.01666666666667,2.75571874521725
7.03333333333333,2.75074956510689
7.05,2.74578934544856
7.06666666666667,2.74083807005078
7.08333333333333,2.73589572275553
7.1,2.73096228743829
7.11666666666667,2.72603774800798
7.13333333333333,2.72112208840701
7.15,2.71621529261128
7.16666666666667,2.71131734463014
7.18333333333333,2.70642822850643
7.2,2.70154792831646
7.21666666666667,2.69667642817003
7.23333333333333,2.69181371221038
7.25,2.68695976461427
7.26666666666667,2.68211456959189
7.28333333333333,2.67727811138695
7.3,2.67245037427659
7.31666666666667,2.66763134257147
7.33333333333333,2.66282100061569
7.35,2.65801933278683
7.36666666666667,2.65322632349597
7.38333333333333,2.64844195718764
7.4,2.64366621833986
7.41666666666667,2.6388990914641
7.43333333333333,2.63414056110535
7.45,2.62939061184202
7.46666666666667,2.62464922828605
7.48333333333333,2.61991639508281
7.5,2.61519209691117
7.51666666666667,2.61047631820487
7.53333333333333,2.60576904324018
7.55,2.60107025660741
7.56666666666667,2.59637994293352
7.58333333333333,2.59169808688122
7.6,2.58702467314886
7.61666666666667,2.58235968647054
7.63333333333333,2.577703111616
7.65,2.5730549333907
7.66666666666667,2.56841513663579
7.68333333333333,2.56378370622812
7.7,2.55916062708021
7.71666666666667,2.55454588414029
7.73333333333333,2.54993946239228
7.75,2.54534134685579
7.76666666666667,2.54075152258614
7.78333333333333,2.53616997467431
7.8,2.53159668824699
7.81666666666667,2.52703164846658
7.83333333333333,2.52247484053115
7.85,2.51792624967446
7.86666666666667,2.51338586116597
7.88333333333333,2.50885366031086
7.9,2.50432963244995
7.91666666666667,2.4998137628034
7.93333333333333,2.49530603634742
7.95,2.49080643835859
7.96666666666667,2.48631495415506
7.98333333333333,2.48183156908416
8,2.47735626852244
8.01666666666667,2.47288903787566
8.03333333333333,2.4684298625788
8.05,2.46397872809602
8.06666666666667,2.45953561992072
8.08333333333333,2.45510052357548
8.1,2.45067342461211
8.11666666666667,2.44625430861161
8.13333333333333,2.44184316118419
8.15,2.43743996796929
8.16666666666667,2.43304471463554
8.18333333333333,2.42865738688077
8.2,2.42427797043204
8.21666666666667,2.4199064510456
8.23333333333333,2.41554281450691
8.25,2.41118704663066
8.26666666666667,2.40683913326071
8.28333333333333,2.40249906027017
8.3,2.39816681356132
8.31666666666667,2.39384237904251
8.33333333333333,2.3895257425488
8.35,2.38521688998713
8.36666666666667,2.38091580729944
8.38333333333333,2.37662248045459
8.4,2.37233689544839
8.41666666666667,2.36805903830356
8.43333333333333,2.36378889506975
8.45,2.35952645182354
8.46666666666667,2.35527169466843
8.48333333333333,2.35102460973486
8.5,2.34678518318017
8.51666666666667,2.34255340118866
8.53333333333333,2.33832924997152
8.55,2.3341127157669
8.56666666666667,2.32990378483986
8.58333333333333,2.32570244348239
8.6,2.32150867801339
8.61666666666667,2.31732247477871
8.63333333333333,2.31314382015113
8.65,2.30897270053033
8.66666666666667,2.30480910234292
8.68333333333333,2.30065301204247
8.7,2.29650441610944
8.71666666666667,2.29236330105123
8.73333333333333,2.28822965340216
8.75,2.28410345972349
8.76666666666667,2.2799847066034
8.78333333333333,2.27587338065699
8.8,2.27176946852629
8.81666666666667,2.26767295688026
8.83333333333333,2.2635838324628
8.85,2.25950208196704
8.86666666666667,2.25542769202529
8.88333333333333,2.2513606492985
8.9,2.2473009404762
8.91666666666667,2.24324855227651
8.93333333333333,2.23920347144618
8.95,2.23516568476054
8.96666666666667,2.23113517902355
8.98333333333333,2.22711194106774
9,2.22309595775427
9.01666666666667,2.21908721597288
9.03333333333333,2.21508570264193
9.05,2.21109140470839
9.06666666666667,2.2071043091478
9.08333333333333,2.20312440296433
9.1,2.19915167319075
9.11666666666667,2.19518610688843
9.13333333333333,2.19122769114733
9.15,2.18727641308603
9.16666666666667,2.18333225985171
9.18333333333333,2.17939521862015
9.2,2.17546527659573
9.21666666666667,2.17154242101143
9.23333333333333,2.16762663912885
9.25,2.16371791823817
9.26666666666667,2.15981624565819
9.28333333333333,2.15592160873631
9.3,2.15203399484851
9.31666666666667,2.14815339139942
9.33333333333333,2.14427978582223
9.35,2.14041316557874
9.36666666666667,2.13655351815937
9.38333333333333,2.13270083108314
9.4,2.12885509189766
9.41666666666667,2.1250162880989
9.43333333333333,2.12118440676793
9.45,2.11735943528105
9.46666666666667,2.11354136110692
9.48333333333333,2.10973017174472
9.5,2.10592585472418
9.51666666666667,2.10212839760554
9.53333333333333,2.09833778797959
9.55,2.09455401346766
9.56666666666667,2.09077706172158
9.58333333333333,2.08700692042374
9.6,2.08324357728704
9.61666666666667,2.07948702005495
9.63333333333333,2.07573723650143
9.65,2.07199421443099
9.66666666666667,2.06825794167866
9.68333333333333,2.06452840611004
9.7,2.06080559562121
9.71666666666667,2.05708949813881
9.73333333333333,2.05338010162001
9.75,2.04967739405252
9.76666666666667,2.04598136345456
9.78333333333333,2.0422919978749
9.8,2.03860928539284
9.81666666666667,2.03493321411819
9.83333333333333,2.03126377194745
9.85,2.02760094666262
9.86666666666667,2.02394472630132
9.88333333333333,2.02029509892621
9.9,2.01665205262455
9.91666666666667,2.01301557550825
9.93333333333333,2.0093856557138
9.95,2.00576228140235
9.96666666666667,2.00214544075962
9.98333333333333,1.99853512199599
10,1.99493131334643
10.0166666666667,1.99133400307055
10.0333333333333,1.98774317945255
10.05,1.98415883080127
10.0666666666667,1.98058094545017
10.0833333333333,1.97700951175731
10.1,1.97344451810538
10.1166666666667,1.96988595290169
10.1333333333333,1.96633380457815
10.15,1.9627880615913
10.1666666666667,1.95924871242231
10.1833333333333,1.95571574557695
10.2,1.95218914958561
10.2166666666667,1.94866891300331
10.2333333333333,1.94515502439931
10.25,1.94164747225439
10.2666666666667,1.93814624509575
10.2833333333333,1.93465133149203
10.3,1.93116272003444
10.3166666666667,1.92768039933676
10.3333333333333,1.92420435803535
10.35,1.92073458478915
10.3666666666667,1.91727106827965
10.3833333333333,1.91381379721093
10.4,1.91036276030966
10.4166666666667,1.90691794632505
10.4333333333333,1.90347934402891
10.45,1.90004694221561
10.4666666666667,1.89662072970211
10.4833333333333,1.89320069532792
10.5,1.88978682795514
10.5166666666667,1.88637911646844
10.5333333333333,1.88297754977507
10.55,1.87958211680484
10.5666666666667,1.87619280651015
10.5833333333333,1.87280960786596
10.6,1.86943250986981
10.6166666666667,1.86606150154183
10.6333333333333,1.86269657192469
10.65,1.85933771008365
10.6666666666667,1.85598490510656
10.6833333333333,1.85263814610382
10.7,1.84929742220842
10.7166666666667,1.84596272257592
10.7333333333333,1.84263403638446
10.75,1.83931135287049
10.7666666666667,1.83599466120616
10.7833333333333,1.83268395051507
10.8,1.82937920994519
10.8166666666667,1.82608042866884
10.8333333333333,1.82278759588271
10.85,1.81950070080786
10.8666666666667,1.8162197326897
10.8833333333333,1.812944680798
10.9,1.80967553442691
10.9166666666667,1.80641228289492
10.9333333333333,1.80315491554488
10.95,1.79990342174404
10.9666666666667,1.79665779088396
10.9833333333333,1.79341801238061
11,1.79018407567428
11.0166666666667,1.78695597022965
11.0333333333333,1.78373368553575
11.05,1.78051721110598
11.0666666666667,1.77730653647809
11.0833333333333,1.77410165121421
11.1,1.77090254490081
11.1166666666667,1.76770920714874
11.1333333333333,1.76452162759319
11.15,1.76133979589375
11.1666666666667,1.75816370173434
11.1833333333333,1.75499333482324
11.2,1.75182868489311
11.2166666666667,1.74866974170097
11.2333333333333,1.7455164950282
11.25,1.74236893468052
11.2666666666667,1.73922705048805
11.2833333333333,1.73609083230524
11.3,1.73296027001092
11.3166666666667,1.72983535349092
11.3333333333333,1.72671607224492
11.35,1.72360241589542
11.3666666666667,1.72049437422602
11.3833333333333,1.71739193704653
11.4,1.71429509419296
11.4166666666667,1.71120383552749
11.4333333333333,1.70811815093851
11.45,1.70503803034063
11.4666666666667,1.70196346367462
11.4833333333333,1.69889444090746
11.5,1.69583095203233
11.5166666666667,1.6927729870686
11.5333333333333,1.68972053606184
11.55,1.68667358908382
11.5666666666667,1.68363213623249
11.5833333333333,1.68059616763202
11.6,1.67756567343275
11.6166666666667,1.67454064381123
11.6333333333333,1.67152106897021
11.65,1.66850693913862
11.6666666666667,1.66549824457161
11.6833333333333,1.6624949755505
11.7,1.65949712238283
11.7166666666667,1.65650467540231
11.7333333333333,1.65351762494444
11.75,1.6505359610013
11.7666666666667,1.64755967372334
11.7833333333333,1.64458875338309
11.8,1.64162319027395
11.8166666666667,1.63866297471023
11.8333333333333,1.6357080970271
11.85,1.63275854758064
11.8666666666667,1.62981431674782
11.8833333333333,1.62687539492649
11.9,1.6239417725354
11.9166666666667,1.62101344001417
11.9333333333333,1.61809038782333
11.95,1.61517260644428
11.9666666666667,1.61226008637932
11.9833333333333,1.60935281815164
12,1.60645079230531
12.0166666666667,1.6035539994053
12.0333333333333,1.60066243003745
12.05,1.59777607480852
12.0666666666667,1.59489492434613
12.0833333333333,1.59201896929881
12.1,1.58914820033595
12.1166666666667,1.58628260814786
12.1333333333333,1.58342218344573
12.15,1.58056691695157
12.1666666666667,1.5777167992887
12.1833333333333,1.57487182112027
12.2,1.57203197314911
12.2166666666667,1.5691972460971
12.2333333333333,1.56636763070524
12.25,1.56354311773357
12.2666666666667,1.56072369796123
12.2833333333333,1.55790936218642
12.3,1.55510010122644
12.3166666666667,1.55229590591765
12.3333333333333,1.54949676711549
12.35,1.54670267569449
12.3666666666667,1.54391362254823
12.3833333333333,1.54112959858941
12.4,1.53835059474976
12.4166666666667,1.53557660198012
12.4333333333333,1.5328076112504
12.45,1.53004361354959
12.4666666666667,1.52728459988574
12.4833333333333,1.524530561286
12.5,1.5217814887966
12.5166666666667,1.51903737348281
12.5333333333333,1.51629820642903
12.55,1.51356397873869
12.5666666666667,1.51083468153433
12.5833333333333,1.50811030595756
12.6,1.50539084316906
12.6166666666667,1.5026762843486
12.6333333333333,1.499966620695
12.65,1.49726184342705
12.6666666666667,1.49456194380512
12.6833333333333,1.49186691300244
12.7,1.48917674216679
12.7166666666667,1.48649142246696
12.7333333333333,1.48381094509267
12.75,1.48113530125465
12.7666666666667,1.4784644821846
12.7833333333333,1.47579847913519
12.8,1.47313728338006
12.8166666666667,1.47048088621383
12.8333333333333,1.46782927895211
12.85,1.46518245293147
12.8666666666667,1.46254039950945
12.8833333333333,1.45990311006459
12.9,1.45727057599639
12.9166666666667,1.45464278872532
12.9333333333333,1.45201973969283
12.95,1.44940142036136
12.9666666666667,1.44678782221431
12.9833333333333,1.44417893675606
13,1.44157475551197
13.0166666666667,1.43897527002836
13.0333333333333,1.43638047187255
13.05,1.43379035263281
13.0666666666667,1.43120490391842
13.0833333333333,1.4286241173596
13.1,1.42604798460756
13.1166666666667,1.4234764973345
13.1333333333333,1.42090964723356
13.15,1.4183474260189
13.1666666666667,1.41578982542563
13.1833333333333,1.41323683720983
13.2,1.41068845314857
13.2166666666667,1.40814466503989
13.2333333333333,1.40560546467175
13.25,1.40307084365939
13.2666666666667,1.40054079357588
13.2833333333333,1.3980153060227
13.3,1.39549437262976
13.3166666666667,1.39297798505536
13.3333333333333,1.39046613498627
13.35,1.38795881413766
13.3666666666667,1.38545601425311
13.3833333333333,1.38295772710464
13.4,1.38046394449269
13.4166666666667,1.37797465824613
13.4333333333333,1.37548986022224
13.45,1.37300954230673
13.4666666666667,1.37053369641373
13.4833333333333,1.3680623144858
13.5,1.36559538849392
13.5166666666667,1.36313291043748
13.5333333333333,1.36067487234432
13.55,1.35822126627068
13.5666666666667,1.35577208430122
13.5833333333333,1.35332731854905
13.6,1.35088696115569
13.6166666666667,1.34845100429106
13.6333333333333,1.34601944015354
13.65,1.34359226096992
13.6666666666667,1.34116945899539
13.6833333333333,1.33875102651359
13.7,1.33633695583659
13.7166666666667,1.33392723930486
13.7333333333333,1.33152186928729
13.75,1.32912083750353
13.7666666666667,1.32672413518529
13.7833333333333,1.32433175450355
13.8,1.32194368765777
13.8166666666667,1.31955992686524
13.8333333333333,1.31718046436112
13.85,1.31480529239842
13.8666666666667,1.31243440324799
13.8833333333333,1.31006778919856
13.9,1.30770544255669
13.9166666666667,1.30534735564681
13.9333333333333,1.3029935208112
13.95,1.30064393040999
13.9666666666667,1.29829857682117
13.9833333333333,1.29595745244058
14,1.29362054968192
