1,0
1.01666666666667,0.765974428011021
1.03333333333333,1.45969888198297
1.05,2.08796286164524
1.06666666666667,2.65694626399947
1.08333333333333,3.17231199248221
1.1,3.63903648581721
1.11666666666667,4.06163808108625
1.13333333333333,4.44430288605952
1.15,4.79088883103821
1.16666666666667,5.10494750276946
1.18333333333333,5.38939454531754
1.2,5.64686836789927
1.21666666666667,5.87986098275498
1.23333333333333,6.09071800514857
1.25,6.28163865336749
1.26666666666667,6.45467380752015
1.28333333333333,6.61156353596267
1.3,6.75366294606166
1.31666666666667,6.88224177535968
1.33333333333333,6.9985145909504
1.35,7.10364078947849
1.36666666666667,7.19872459713971
1.38333333333333,7.28481506968086
1.4,7.36289590122107
1.41666666666667,7.43369010156727
1.43333333333333,7.49778390171446
1.45,7.55575407551622
1.46666666666667,7.60815190500025
1.48333333333333,7.65550318036842
1.5,7.69830819999671
1.51666666666667,7.73704177043524
1.53333333333333,7.77214692697529
1.55,7.80394704513203
1.56666666666667,7.83271013719159
1.58333333333333,7.85869830352792
1.6,7.88216203972353
1.61666666666667,7.90334023656948
1.63333333333333,7.92246018006538
1.65,7.93973755141938
1.66666666666667,7.95537253567523
1.68333333333333,7.96950894849578
1.7,7.98226886625786
1.71666666666667,7.99377139021996
1.73333333333333,8.00413033436581
1.75,8.01345422540432
1.76666666666667,8.02184630276964
1.78333333333333,8.02940451862111
1.8,8.03621921317647
1.81666666666667,8.04235441814069
1.83333333333333,8.0478657598106
1.85,8.05280735880738
1.86666666666667,8.05723092692182
1.88333333333333,8.06118576711436
1.9,8.06471877351507
1.91666666666667,8.06787443142365
1.93333333333333,8.07069346489711
1.95,8.0732044106626
1.96666666666667,8.07543261815281
1.98333333333333,8.07740268006726
2,8.07913809166313
2.01666666666667,8.08066125075536
2.03333333333333,8.08199345771656
2.05,8.08315491547706
2.06666666666667,8.0841639595974
2.08333333333333,8.08503332390446
2.1,8.08577456029685
2.11666666666667,8.08639884375206
2.13333333333333,8.08691684926245
2.15,8.0873387518352
2.16666666666667,8.08767422649239
2.18333333333333,8.08793244827091
2.2,8.08812166170143
2.21666666666667,8.08824755766009
2.23333333333333,8.08831539982203
2.25,8.08833026608664
2.26666666666667,8.08829700656444
2.28333333333333,8.08822024357704
2.3,8.08810437165722
2.31666666666667,8.08795355754884
2.33333333333333,8.08777150308966
2.35,8.08756075622285
2.36666666666667,8.08732371483903
2.38333333333333,8.08706268631457
2.4,8.08677987424718
2.41666666666667,8.08647737845595
2.43333333333333,8.08615719498135
2.45,8.0858212160852
2.46666666666667,8.08547110133517
2.48333333333333,8.08510799392132
2.5,8.08473298585808
2.51666666666667,8.08434712559987
2.53333333333333,8.08395141432049
2.55,8.08354680591306
2.56666666666667,8.0831342069901
2.58333333333333,8.08271447688347
2.6,8.08228835833781
2.61666666666667,8.08185636550727
2.63333333333333,8.08141899548774
2.65,8.08097672468515
2.66666666666667,8.0805300079648
2.68333333333333,8.08007927865133
2.7,8.07962494852875
2.71666666666667,8.07916740784039
2.73333333333333,8.07870698839298
2.75,8.07824392205411
2.76666666666667,8.07777843498515
2.78333333333333,8.07731074365756
2.8,8.07684105472908
2.81666666666667,8.07636956504374
2.83333333333333,8.07589646163181
2.85,8.07542192170983
2.86666666666667,8.07494609320829
2.88333333333333,8.07446908100371
2.9,8.07399098792515
2.91666666666667,8.07351191233264
2.93333333333333,8.07303194811521
2.95,8.07255118469081
2.96666666666667,8.07206970700634
2.98333333333333,8.07158759552665
3,8.07110491609179
3.01666666666667,8.07062171625897
3.03333333333333,8.07013804275706
3.05,8.06965394027792
3.06666666666667,8.06916945147648
3.08333333333333,8.06868461697067
3.1,8.06819947534146
3.11666666666667,8.06771406310518
3.13333333333333,8.06722840954799
3.15,8.06674253625665
3.16666666666667,8.06625646446517
3.18333333333333,8.06577021447953
3.2,8.06528380567769
3.21666666666667,8.06479725650958
3.23333333333333,8.0643105844971
3.25,8.06382380620201
3.26666666666667,8.06333693464518
3.28333333333333,8.06284997963301
3.3,8.06236295081382
3.31666666666667,8.06187585741315
3.33333333333333,8.06138870823372
3.35,8.06090151165545
3.36666666666667,8.06041427563549
3.38333333333333,8.05992700769649
3.4,8.05943971398652
3.41666666666667,8.05895239885126
3.43333333333333,8.05846506638566
3.45,8.05797772056524
3.46666666666667,8.05749036524615
3.48333333333333,8.05700300416518
3.5,8.0565156409397
3.51666666666667,8.05602827906772
3.53333333333333,8.05554092192643
3.55,8.05505357217677
3.56666666666667,8.05456623134078
3.58333333333333,8.05407890088355
3.6,8.05359158226135
3.61666666666667,8.05310427692162
3.63333333333333,8.052616986303
3.65,8.05212971183532
3.66666666666667,8.05164245493957
3.68333333333333,8.05115521702795
3.7,8.05066799950383
3.71666666666667,8.05018080369767
3.73333333333333,8.04969363019236
3.75,8.04920647932602
3.76666666666667,8.0487193514883
3.78333333333333,8.04823224708669
3.8,8.04774516654648
3.81666666666667,8.04725811031077
3.83333333333333,8.04677107884048
3.85,8.04628407261435
3.86666666666667,8.04579709212893
3.88333333333333,8.04531013789859
3.9,8.04482321045551
3.91666666666667,8.04433631034968
3.93333333333333,8.04384943793295
3.95,8.04336259311992
3.96666666666667,8.0428757759386
3.98333333333333,8.04238898643438
4,8.04190222466759
4.01666666666667,8.04141549071348
4.03333333333333,8.04092878466227
4.05,8.04044210661906
4.06666666666667,8.03995545670394
4.08333333333333,8.03946883505189
4.1,8.03898224181287
4.11666666666667,8.03849567715173
4.13333333333333,8.03800914124828
4.15,8.03752263429727
4.16666666666667,8.03703615650837
4.18333333333333,8.03654970804748
4.2,8.03606328876398
4.21666666666667,8.0355768985951
4.23333333333333,8.03509053751082
4.25,8.03460420548845
4.26666666666667,8.03411790251266
4.28333333333333,8.03363162857549
4.3,8.03314538367632
4.31666666666667,8.0326591678219
4.33333333333333,8.03217298102633
4.35,8.03168682331106
4.36666666666667,8.03120069470492
4.38333333333333,8.03071459524405
4.4,8.030228524972
4.41666666666667,8.02974248393965
4.43333333333333,8.02925647220522
4.45,8.02877048983432
4.46666666666667,8.0282845368999
4.48333333333333,8.02779861348225
4.5,8.02731271965975
4.51666666666667,8.02682685533173
4.53333333333333,8.0263410204224
4.55,8.02585521490576
4.56666666666667,8.0253694387586
4.58333333333333,8.02488369196045
4.6,8.02439797449358
4.61666666666667,8.02391228634302
4.63333333333333,8.02342662749657
4.65,8.02294099794475
4.66666666666667,8.02245539768085
4.68333333333333,8.02196982670092
4.7,8.02148428500375
4.71666666666667,8.02099877259089
4.73333333333333,8.02051328946662
4.75,8.020027835638
4.76666666666667,8.01954241111483
4.78333333333333,8.01905701590966
4.8,8.01857165003781
4.81666666666667,8.01808631351732
4.83333333333333,8.017601006369
4.85,8.01711572861642
4.86666666666667,8.0166304802859
4.88333333333333,8.01614526140649
4.9,8.01566007201003
4.91666666666667,8.01517491213106
4.93333333333333,8.0146897817569
4.95,8.01420468082729
4.96666666666667,8.01371960931948
4.98333333333333,8.01323456721229
5,8.01274955448604
5.01666666666667,8.01226457112255
5.03333333333333,8.01177961710512
5.05,8.01129469241857
5.06666666666667,8.01080979704919
5.08333333333333,8.01032493098478
5.1,8.00984009421462
5.11666666666667,8.00935528672952
5.13333333333333,8.00887050852175
5.15,8.00838575958509
5.16666666666667,8.00790103991481
5.18333333333333,8.00741634950768
5.2,8.00693168836197
5.21666666666667,8.00644705647743
5.23333333333333,8.00596245385533
5.25,8.00547788049841
5.26666666666667,8.00499333641092
5.28333333333333,8.0045088215986
5.3,8.0040243360687
5.31666666666667,8.00353987982993
5.33333333333333,8.00305545289254
5.35,8.00257105526823
5.36666666666667,8.00208668697025
5.38333333333333,8.00160234801329
5.4,8.00111803841357
5.41666666666667,8.00063375818879
5.43333333333333,8.00014950735816
5.45,7.99966528594237
5.46666666666667,7.99918109396362
5.48333333333333,7.99869693144559
5.5,7.99821279842574
5.51666666666667,7.99772869503808
5.53333333333333,7.99724462126202
5.55,7.99676057703612
5.56666666666667,7.99627656230232
5.58333333333333,7.99579257700593
5.6,7.99530862109562
5.61666666666667,7.99482469452346
5.63333333333333,7.99434079724489
5.65,7.99385692921871
5.66666666666667,7.9933730904071
5.68333333333333,7.99288928077562
5.7,7.9924055002932
5.71666666666667,7.99192174893215
5.73333333333333,7.99143802666815
5.75,7.99095433348025
5.76666666666667,7.99047066935089
5.78333333333333,7.98998703426586
5.8,7.98950342821435
5.81666666666667,7.98901985118891
5.83333333333333,7.98853630318546
5.85,7.98805278420332
5.86666666666667,7.98756929424515
5.88333333333333,7.98708583331701
5.9,7.98660240142833
5.91666666666667,7.9861189985919
5.93333333333333,7.9856356248239
5.95,7.98515228014388
5.96666666666667,7.98466896457476
5.98333333333333,7.98418567814285
6,7.98370242087781
6.01666666666667,7.9832191928127
6.03333333333333,7.98273599398393
6.05,7.98225282443131
6.06666666666667,7.981769684198
6.08333333333333,7.98128657333056
6.1,7.98080349187889
6.11666666666667,7.9803204398963
6.13333333333333,7.97983741743946
6.15,7.97935442456841
6.16666666666667,7.97887146134656
6.18333333333333,7.97838852784072
6.2,7.97790562412105
6.21666666666667,7.9774227502611
6.23333333333333,7.97693990620966
6.25,7.97645709159895
6.26666666666667,7.97597430633242
6.28333333333333,7.97549155034091
6.3,7.9750088235617
6.31666666666667,7.9745261259385
6.33333333333333,7.97404345742145
6.35,7.97356081796712
6.36666666666667,7.97307820753853
6.38333333333333,7.97259562610511
6.4,7.97211307364276
6.41666666666667,7.97163055013377
6.43333333333333,7.9711480555669
6.45,7.97066558993732
6.46666666666667,7.97018315324664
6.48333333333333,7.96970074550292
6.5,7.96921836672062
6.51666666666667,7.96873601692066
6.53333333333333,7.9682536961304
6.55,7.9677714043836
6.56666666666667,7.96728914172048
6.58333333333333,7.9668069081877
6.6,7.96632470383833
6.61666666666667,7.96584252873188
6.63333333333333,7.96536038293431
6.65,7.96487826651799
6.66666666666667,7.96439617956175
6.68333333333333,7.96391412215083
6.7,7.96343209437692
6.71666666666667,7.96295009622985
6.73333333333333,7.96246812737464
6.75,7.96198618774742
6.76666666666667,7.96150427731597
6.78333333333333,7.96102239605098
6.8,7.960540543926
6.81666666666667,7.96005872091751
6.83333333333333,7.95957692700485
6.85,7.95909516217028
6.86666666666667,7.95861342639894
6.88333333333333,7.95813171967885
6.9,7.95765004200095
6.91666666666667,7.95716839335905
6.93333333333333,7.95668677374988
6.95,7.95620518317303
6.96666666666667,7.955723621631
6.98333333333333,7.95524208912918
7,7.95476058567587
7.01666666666667,7.95427911128223
7.03333333333333,7.95379766596233
7.05,7.95331624973315
7.06666666666667,7.95283486261453
7.08333333333333,7.95235350462923
7.1,7.95187217580289
7.11666666666667,7.95139087616404
7.13333333333333,7.95090960574411
7.15,7.95042836457742
7.16666666666667,7.94994715270119
7.18333333333333,7.94946597015552
7.2,7.94898481696322
7.21666666666667,7.94850369305058
7.23333333333333,7.94802259837514
7.25,7.94754153290361
7.26666666666667,7.94706049660495
7.28333333333333,7.94657948945037
7.3,7.94609851141333
7.31666666666667,7.94561756246954
7.33333333333333,7.94513664259698
7.35,7.94465575177585
7.36666666666667,7.94417488998863
7.38333333333333,7.94369405722004
7.4,7.94321325345705
7.41666666666667,7.94273247868889
7.43333333333333,7.94225173290702
7.45,7.94177101610518
7.46666666666667,7.94129032827934
7.48333333333333,7.94080966942774
7.5,7.94032903955086
7.51666666666667,7.93984843865143
7.53333333333333,7.93936786673443
7.55,7.93888732380711
7.56666666666667,7.93840680987895
7.58333333333333,7.9379263249617
7.6,7.93744586906933
7.61666666666667,7.93696544221811
7.63333333333333,7.93648504442651
7.65,7.9360046757153
7.66666666666667,7.93552433610746
7.68333333333333,7.93504402562825
7.7,7.93456374430517
7.71666666666667,7.93408349216798
7.73333333333333,7.93360326924866
7.75,7.9331230755815
7.76666666666667,7.93264291120298
7.78333333333333,7.93216277615188
7.8,7.93168267049393
7.81666666666667,7.93120259432874
7.83333333333333,7.93072254758728
7.85,7.93024253018778
7.86666666666667,7.92976254205343
7.88333333333333,7.92928258311235
7.9,7.92880265329761
7.91666666666667,7.92832275254721
7.93333333333333,7.92784288080411
7.95,7.92736303801618
7.96666666666667,7.92688322413626
7.98333333333333,7.92640343912212
8,7.92592368293645
8.01666666666667,7.92544395554691
8.03333333333333,7.92496425692609
8.05,7.92448458705152
8.06666666666667,7.92400494590566
8.08333333333333,7.92352533347592
8.1,7.92304574975466
8.11666666666667,7.92256619473915
8.13333333333333,7.92208666843165
8.15,7.9216071708393
8.16666666666667,7.92112770197423
8.18333333333333,7.92064826185349
8.2,7.92016885049906
8.21666666666667,7.91968946793788
8.23333333333333,7.91921011420182
8.25,7.91873078932769
8.26666666666667,7.91825149335725
8.28333333333333,7.91777222633719
8.3,7.91729298831914
8.31666666666667,7.91681377935967
8.33333333333333,7.91633459952031
8.35,7.9158554488675
8.36666666666667,7.91537632747263
8.38333333333333,7.91489723541205
8.4,7.91441817276703
8.41666666666667,7.91393913962378
8.43333333333333,7.91346013607346
8.45,7.91298116221217
8.46666666666667,7.91250221814094
8.48333333333333,7.91202330374069
8.5,7.91154441854287
8.51666666666667,7.91106556245148
8.53333333333333,7.91058673539123
8.55,7.91010793729401
8.56666666666667,7.90962916809882
8.58333333333333,7.90915042775183
8.6,7.90867171620636
8.61666666666667,7.90819303342289
8.63333333333333,7.90771437936902
8.65,7.90723575401952
8.66666666666667,7.90675715735632
8.68333333333333,7.90627858936846
8.7,7.90580005005218
8.71666666666667,7.90532153941083
8.73333333333333,7.90484305745494
8.75,7.90436460420215
8.76666666666667,7.9038861796773
8.78333333333333,7.90340778391233
8.8,7.90292941694636
8.81666666666667,7.90245107882566
8.83333333333333,7.90197276960364
8.85,7.90149448934086
8.86666666666667,7.90101623810502
8.88333333333333,7.90053801597099
8.9,7.90005982302079
8.91666666666667,7.89958165934356
8.93333333333333,7.89910352503562
8.95,7.89862542020043
8.96666666666667,7.89814734469869
8.98333333333333,7.89766929821777
9,7.89719128071972
9.01666666666667,7.8967132921712
9.03333333333333,7.896235332542
9.05,7.89575740180499
9.06666666666667,7.89527949993616
9.08333333333333,7.89480162691464
9.1,7.89432378272262
9.11666666666667,7.89384596734543
9.13333333333333,7.89336818077153
9.15,7.89289042299245
9.16666666666667,7.89241269400285
9.18333333333333,7.8919349938005
9.2,7.89145732238629
9.21666666666667,7.89097967976421
9.23333333333333,7.89050206594137
9.25,7.89002448092797
9.26666666666667,7.88954692473734
9.28333333333333,7.88906939738591
9.3,7.88859189889324
9.31666666666667,7.88811442928198
9.33333333333333,7.88763698857791
9.35,7.88715957680989
9.36666666666667,7.88668219400992
9.38333333333333,7.8862048402131
9.4,7.88572751545764
9.41666666666667,7.88525021978487
9.43333333333333,7.88477295323904
9.45,7.88429571578549
9.46666666666667,7.88381850734717
9.48333333333333,7.88334132788979
9.5,7.88286417738132
9.51666666666667,7.88238705579205
9.53333333333333,7.88190996309452
9.55,7.88143289926358
9.56666666666667,7.88095586427634
9.58333333333333,7.88047885811219
9.6,7.88000188075282
9.61666666666667,7.87952493218219
9.63333333333333,7.87904801238652
9.65,7.87857112135436
9.66666666666667,7.87809425907649
9.68333333333333,7.87761742554601
9.7,7.87714062075827
9.71666666666667,7.87666384471093
9.73333333333333,7.87618709740391
9.75,7.87571037883942
9.76666666666667,7.87523368902196
9.78333333333333,7.87475702795828
9.8,7.87428039565745
9.81666666666667,7.8738037921308
9.83333333333333,7.87332721739194
9.85,7.87285067145677
9.86666666666667,7.87237415434346
9.88333333333333,7.87189766607248
9.9,7.87142120666656
9.91666666666667,7.87094477615072
9.93333333333333,7.87046837455226
9.95,7.86999200190077
9.96666666666667,7.86951565822811
9.98333333333333,7.86903934356843
10,7.86856305795814
10.0166666666667,7.86808680143597
10.0333333333333,7.86761057406554
10.05,7.86713437591714
10.0666666666667,7.86665820692138
10.0833333333333,7.86618206700286
10.1,7.86570595609081
10.1166666666667,7.86522987411903
10.1333333333333,7.86475382102596
10.15,7.86427779675462
10.1666666666667,7.86380180125265
10.1833333333333,7.86332583447231
10.2,7.86284989637045
10.2166666666667,7.86237398690852
10.2333333333333,7.86189810605259
10.25,7.86142225377335
10.2666666666667,7.86094643004606
10.2833333333333,7.86047063485063
10.3,7.85999486817154
10.3166666666667,7.8595191299979
10.3333333333333,7.85904342032341
10.35,7.8585677391464
10.3666666666667,7.85809208646979
10.3833333333333,7.85761646230111
10.4,7.85714086665249
10.4166666666667,7.85666529954069
10.4333333333333,7.85618976098706
10.45,7.85571425101754
10.4666666666667,7.85523876966272
10.4833333333333,7.85476331695775
10.5,7.85428789294243
10.5166666666667,7.85381249766114
10.5333333333333,7.85333713116287
10.55,7.85286179350123
10.5666666666667,7.85238648473442
10.5833333333333,7.85191120492525
10.6,7.85143595414116
10.6166666666667,7.85096073245417
10.6333333333333,7.85048553994091
10.65,7.85001037668263
10.6666666666667,7.84953524276517
10.6833333333333,7.84906013827901
10.7,7.84858506332057
10.7166666666667,7.84811001797263
10.7333333333333,7.84763500210573
10.75,7.84716001554235
10.7666666666667,7.84668505811687
10.7833333333333,7.84621012967566
10.8,7.84573523007695
10.8166666666667,7.84526035919097
10.8333333333333,7.84478551689982
10.85,7.84431070309757
10.8666666666667,7.8438359176902
10.8833333333333,7.84336116059562
10.9,7.84288643174369
10.9166666666667,7.84241173107618
10.9333333333333,7.84193705854678
10.95,7.84146241412115
10.9666666666667,7.84098779777683
10.9833333333333,7.84051320950333
11,7.84003864930208
11.0166666666667,7.83956411718642
11.0333333333333,7.83908961318165
11.05,7.83861513732497
11.0666666666667,7.83814068966553
11.0833333333333,7.83766627026441
11.1,7.8371918791946
11.1166666666667,7.83671751654106
11.1333333333333,7.83624318240063
11.15,7.83576887688211
11.1666666666667,7.83529460010623
11.1833333333333,7.83482035220565
11.2,7.83434613332493
11.2166666666667,7.83387194362061
11.2333333333333,7.83339778326112
11.25,7.83292365242684
11.2666666666667,7.83244955131007
11.2833333333333,7.83197548011504
11.3,7.83150143905792
11.3166666666667,7.83102742821258
11.3333333333333,7.83055344665132
11.35,7.83007949405817
11.3666666666667,7.82960557029893
11.3833333333333,7.82913167525162
11.4,7.8286578088064
11.4166666666667,7.8281839708656
11.4333333333333,7.82771016134374
11.45,7.82723638016749
11.4666666666667,7.82676262727569
11.4833333333333,7.82628890261936
11.5,7.82581520616169
11.5166666666667,7.82534153787803
11.5333333333333,7.82486789775589
11.55,7.82439428579499
11.5666666666667,7.82392070200718
11.5833333333333,7.82344714641649
11.6,7.82297361905912
11.6166666666667,7.82250011998346
11.6333333333333,7.82202664925003
11.65,7.82155320693155
11.6666666666667,7.82107979311291
11.6833333333333,7.82060640789114
11.7,7.82013305137548
11.7166666666667,7.81965972368731
11.7333333333333,7.81918642496019
11.75,7.81871315533985
11.7666666666667,7.81823991498419
11.7833333333333,7.81776670406327
11.8,7.81729352275634
11.8166666666667,7.8168203706209
11.8333333333333,7.81634724719983
11.85,7.81587415244364
11.8666666666667,7.81540108630758
11.8833333333333,7.81492804875166
11.9,7.81445503974062
11.9166666666667,7.81398205924397
11.9333333333333,7.81350910723595
11.95,7.81303618369556
11.9666666666667,7.81256328860653
11.9833333333333,7.81209042195736
12,7.81161758374127
12.0166666666667,7.81114477395626
12.0333333333333,7.81067199260505
12.05,7.81019923969513
12.0666666666667,7.80972651523872
12.0833333333333,7.8092538192528
12.1,7.80878115175908
12.1166666666667,7.80830851278404
12.1333333333333,7.80783590235889
12.15,7.80736332051961
12.1666666666667,7.80689076730689
12.1833333333333,7.80641824276621
12.2,7.80594574694777
12.2166666666667,7.80547327990652
12.2333333333333,7.80500084170217
12.25,7.80452843239917
12.2666666666667,7.80405605193951
12.2833333333333,7.80358370016683
12.3,7.80311137704977
12.3166666666667,7.80263908255978
12.3333333333333,7.80216681667065
12.35,7.80169457935842
12.3666666666667,7.80122237060147
12.3833333333333,7.80075019038046
12.4,7.80027803867835
12.4166666666667,7.7998059154804
12.4333333333333,7.79933382077418
12.45,7.79886175454953
12.4666666666667,7.79838971679862
12.4833333333333,7.79791770751591
12.5,7.79744572669815
12.5166666666667,7.7969737743444
12.5333333333333,7.79650185045601
12.55,7.79602995503664
12.5666666666667,7.79555808809224
12.5833333333333,7.79508624963107
12.6,7.79461443966366
12.6166666666667,7.79414265820289
12.6333333333333,7.79367090526388
12.65,7.7931991808641
12.6666666666667,7.79272748502329
12.6833333333333,7.79225581776349
12.7,7.79178417910906
12.7166666666667,7.79131256908663
12.7333333333333,7.79084098772516
12.75,7.79036943505588
12.7666666666667,7.78989791111234
12.7833333333333,7.7894264159304
12.8,7.78895494953222
12.8166666666667,7.78848351188134
12.8333333333333,7.78801210293029
12.85,7.78754072263449
12.8666666666667,7.78706937095224
12.8833333333333,7.78659804784472
12.9,7.78612675327602
12.9166666666667,7.78565548721311
12.9333333333333,7.78518424962585
12.95,7.78471304048698
12.9666666666667,7.78424185977213
12.9833333333333,7.78377070745983
13,7.78329958353148
13.0166666666667,7.7828284879714
13.0333333333333,7.78235742076675
13.05,7.78188638190764
13.0666666666667,7.781415371387
13.0833333333333,7.78094438920071
13.1,7.7804734353475
13.1166666666667,7.780002509829
13.1333333333333,7.77953161264973
13.15,7.77906074381711
13.1666666666667,7.77858990334141
13.1833333333333,7.77811909123584
13.2,7.77764830751645
13.2166666666667,7.77717755220222
13.2333333333333,7.77670682531499
13.25,7.7762361268795
13.2666666666667,7.77576545692338
13.2833333333333,7.77529481547714
13.3,7.77482420257418
13.3166666666667,7.77435361825081
13.3333333333333,7.77388306254619
13.35,7.7734125355024
13.3666666666667,7.7729420371644
13.3833333333333,7.77247156758003
13.4,7.77200112680002
13.4166666666667,7.771530714878
13.4333333333333,7.77106033186866
13.45,7.77058997770834
13.4666666666667,7.77011965228312
13.4833333333333,7.76964935551811
13.5,7.76917908734384
13.5166666666667,7.76870884769622
13.5333333333333,7.76823863651653
13.55,7.76776845375148
13.5666666666667,7.76729829935316
13.5833333333333,7.76682817327904
13.6,7.766358075492
13.6166666666667,7.76588800596031
13.6333333333333,7.76541796465763
13.65,7.76494795156301
13.6666666666667,7.76447796666091
13.6833333333333,7.76400800994116
13.7,7.76353808139901
13.7166666666667,7.76306818103507
13.7333333333333,7.76259830885538
13.75,7.76212846487135
13.7666666666667,7.76165864909978
13.7833333333333,7.76118886156289
13.8,7.76071910228826
13.8166666666667,7.76024937130889
13.8333333333333,7.75977966866316
13.85,7.75930999439484
13.8666666666667,7.75884034855311
13.8833333333333,7.75837073119254
13.9,7.75790114237306
13.9166666666667,7.75743158216005
13.9333333333333,7.75696205062424
13.95,7.75649254784176
13.9666666666667,7.75602307389416
13.9833333333333,7.75555362886835
14,7.75508421285665
