1,0
1.01666666666667,0.97402072428832
1.03333333333333,1.85397168600089
1.05,2.64870912117076
1.06666666666667,3.36632168213694
1.08333333333333,4.01409017331075
1.1,4.59849066957987
1.11666666666667,5.12550639803407
1.13333333333333,5.60064418675286
1.15,6.02898948958634
1.16666666666667,6.41481200317428
1.18333333333333,6.7619292648012
1.2,7.07393538319389
1.21666666666667,7.35420103852133
1.23333333333333,7.60587348239475
1.25,7.83187770548563
1.26666666666667,8.03466248465161
1.28333333333333,8.21617804804124
1.3,8.37827188282107
1.31666666666667,8.52271083470096
1.33333333333333,8.65118110793402
1.35,8.7652882653167
1.36666666666667,8.8665572281887
1.38333333333333,8.95638823210533
1.4,9.03575322242734
1.41666666666667,9.10551363389172
1.43333333333333,9.1665083414212
1.45,9.2195387860001
1.46666666666667,9.26536897467432
1.48333333333333,9.30472548055135
1.5,9.33829744280026
1.51666666666667,9.36671285246419
1.53333333333333,9.390409763272
1.55,9.409781709817
1.56666666666667,9.42520983001909
1.58333333333333,9.43705822495886
1.6,9.4456739588776
1.61666666666667,9.45138705917727
1.63333333333333,9.45451051642052
1.65,9.45532687195071
1.66666666666667,9.45403156881434
1.68333333333333,9.4508038504879
1.7,9.4458168419423
1.71666666666667,9.43923590600695
1.73333333333333,9.43121864336974
1.75,9.42191489257709
1.76666666666667,9.41146673003391
1.78333333333333,9.4000010363505
1.8,9.38760518087162
1.81666666666667,9.37436076556384
1.83333333333333,9.3603463952559
1.85,9.34563713856759
1.86666666666667,9.3303045279097
1.88333333333333,9.31441655948408
1.9,9.2980376932836
1.91666666666667,9.28122478893499
1.93333333333333,9.26401694535482
1.95,9.24645126892514
1.96666666666667,9.22856341565451
1.98333333333333,9.21038743062612
2,9.1919557479977
2.01666666666667,9.17329919100154
2.03333333333333,9.15444697194453
2.05,9.1354244966607
2.06666666666667,9.11624926911004
2.08333333333333,9.09693812351715
2.1,9.07750720120677
2.11666666666667,9.05797190971839
2.13333333333333,9.0383469228062
2.15,9.01864618043915
2.16666666666667,8.9988828888009
2.18333333333333,8.97906834649154
2.2,8.95921037738386
2.21666666666667,8.93931658303744
2.23333333333333,8.91939423853295
2.25,8.8994502847807
2.26666666666667,8.87949132852062
2.28333333333333,8.85952364232227
2.3,8.83955316458484
2.31666666666667,8.81958487771431
2.33333333333333,8.79962225690768
2.35,8.7796687011048
2.36666666666667,8.75972745773487
2.38333333333333,8.73980162211532
2.4,8.71989413745182
2.41666666666667,8.70000779483823
2.43333333333333,8.68014523319278
2.45,8.66030861283009
2.46666666666667,8.64049945061477
2.48333333333333,8.62071923409846
2.5,8.60096938166292
2.51666666666667,8.58125124252002
2.53333333333333,8.56156609671174
2.55,8.54191515511018
2.56666666666667,8.52229955890227
2.58333333333333,8.50272021171261
2.6,8.48317774533526
2.61666666666667,8.4636727794936
2.63333333333333,8.44420590252633
2.65,8.42477767138748
2.66666666666667,8.40538861164644
2.68333333333333,8.3860392174879
2.7,8.36672995095664
2.71666666666667,8.34746115739196
2.73333333333333,8.32823306833221
2.75,8.30904591016082
2.76666666666667,8.2898998950888
2.78333333333333,8.27079522115479
2.8,8.25173207222503
2.81666666666667,8.2327106179934
2.83333333333333,8.2137310132485
2.85,8.19479335602178
2.86666666666667,8.17589769721103
2.88333333333333,8.15704408546543
2.9,8.13823256310128
2.91666666666667,8.11946316610191
2.93333333333333,8.10073592411779
2.95,8.08205086046644
2.96666666666667,8.06340799154541
2.98333333333333,8.04480730644154
3,8.02624877499178
3.01666666666667,8.00773236607098
3.03333333333333,7.98925804579041
3.05,7.97082577749779
3.06666666666667,7.95243552177725
3.08333333333333,7.93408723644935
3.1,7.9157808761504
3.11666666666667,7.89751638253983
3.13333333333333,7.87929368958025
3.15,7.8611127308699
3.16666666666667,7.84297343886744
3.18333333333333,7.82487574489186
3.2,7.80681957912256
3.21666666666667,7.7888048705993
3.23333333333333,7.77083154694203
3.25,7.75289952971185
3.26666666666667,7.73500873750975
3.28333333333333,7.71715908886052
3.3,7.69935050188702
3.31666666666667,7.68158289431019
3.33333333333333,7.66385618344902
3.35,7.64617028622056
3.36666666666667,7.62852511903196
3.38333333333333,7.61092059588494
3.4,7.5933566290726
3.41666666666667,7.57583313089053
3.43333333333333,7.55835001365355
3.45,7.5409071896957
3.46666666666667,7.52350457137027
3.48333333333333,7.50614207104974
3.5,7.48881960112585
3.51666666666667,7.47153707389453
3.53333333333333,7.454294400233
3.55,7.43709149035158
3.56666666666667,7.41992825466152
3.58333333333333,7.40280460376054
3.6,7.38572044843285
3.61666666666667,7.36867569964913
3.63333333333333,7.35167026856656
3.65,7.33470406652878
3.66666666666667,7.31777700506592
3.68333333333333,7.30088899588939
3.7,7.28403995020897
3.71666666666667,7.26722977863816
3.73333333333333,7.25045839207523
3.75,7.23372570164412
3.76666666666667,7.21703161869446
3.78333333333333,7.20037605480151
3.8,7.18375892176624
3.81666666666667,7.16718013161527
3.83333333333333,7.15063959660087
3.85,7.13413722920101
3.86666666666667,7.11767294211931
3.88333333333333,7.10124664828506
3.9,7.08485826055899
3.91666666666667,7.06850769138361
3.93333333333333,7.05219485355924
3.95,7.03591966010864
3.96666666666667,7.01968202427279
3.98333333333333,7.00348185951099
4,6.98731907950076
4.01666666666667,6.97119359813792
4.03333333333333,6.95510532953653
4.05,6.93905418802895
4.06666666666667,6.92304008816577
4.08333333333333,6.90706294471587
4.1,6.89112267266639
4.11666666666667,6.87521918722275
4.13333333333333,6.85935240380855
4.15,6.84352223774916
4.16666666666667,6.82772860434214
4.18333333333333,6.8119714192592
4.2,6.79625059837247
4.21666666666667,6.78056605775454
4.23333333333333,6.76491771367842
4.25,6.74930548261757
4.26666666666667,6.73372928124588
4.28333333333333,6.71818902643768
4.3,6.70268463526774
4.31666666666667,6.68721602501125
4.33333333333333,6.67178311314388
4.35,6.65638581734169
4.36666666666667,6.6410240554812
4.38333333333333,6.62569774563937
4.4,6.6104068060936
4.41666666666667,6.5951511553217
4.43333333333333,6.57993071200196
4.45,6.56474539497325
4.46666666666667,6.54959512293148
4.48333333333333,6.53447981493863
4.5,6.51939939030915
4.51666666666667,6.50435376854146
4.53333333333333,6.489342869318
4.55,6.47436661250525
4.56666666666667,6.45942491815365
4.58333333333333,6.44451770649769
4.6,6.42964489795584
4.61666666666667,6.41480641313059
4.63333333333333,6.40000217280845
4.65,6.38523209795992
4.66666666666667,6.37049610973953
4.68333333333333,6.35579412948578
4.7,6.34112607872123
4.71666666666667,6.3264918791524
4.73333333333333,6.31189145266986
4.75,6.29732472134817
4.76666666666667,6.28279160744589
4.78333333333333,6.26829203340561
4.8,6.25382592185391
4.81666666666667,6.23939319560138
4.83333333333333,6.22499377764263
4.85,6.21062759115082
4.86666666666667,6.19629455919342
4.88333333333333,6.18199460514409
4.9,6.16772765271565
4.91666666666667,6.15349362579035
4.93333333333333,6.13929244841993
4.95,6.12512404482555
4.96666666666667,6.11098833939783
4.98333333333333,6.09688525669685
5,6.08281472145213
5.01666666666667,6.06877665856267
5.03333333333333,6.05477099309688
5.05,6.04079765029267
5.06666666666667,6.02685655555735
5.08333333333333,6.01294763446773
5.1,5.99907081277005
5.11666666666667,5.98522601638
5.13333333333333,5.97141317138273
5.15,5.95763220403284
5.16666666666667,5.94388304075438
5.18333333333333,5.93016560814086
5.2,5.91647983295524
5.21666666666667,5.90282564212992
5.23333333333333,5.88920296276676
5.25,5.87561172213709
5.26666666666667,5.86205184768166
5.28333333333333,5.8485232670107
5.3,5.83502590790388
5.31666666666667,5.82155969831033
5.33333333333333,5.80812456634861
5.35,5.79472044030677
5.36666666666667,5.78134724864227
5.38333333333333,5.76800491998206
5.4,5.75469338311936
5.41666666666667,5.74141256674646
5.43333333333333,5.72816239984751
5.45,5.71494281175199
5.46666666666667,5.70175373194547
5.48333333333333,5.68859509006958
5.5,5.67546681592207
5.51666666666667,5.66236883945676
5.53333333333333,5.64930109078357
5.55,5.6362635001685
5.56666666666667,5.62325599803363
5.58333333333333,5.61027851495716
5.6,5.59733098167333
5.61666666666667,5.58441332907252
5.63333333333333,5.57152548820115
5.65,5.55866739026176
5.66666666666667,5.54583896661296
5.68333333333333,5.53304014876946
5.7,5.52027086840206
5.71666666666667,5.50753105733763
5.73333333333333,5.49482064755915
5.75,5.48213957120567
5.76666666666667,5.46948776057234
5.78333333333333,5.45686514811038
5.8,5.44427166642714
5.81666666666667,5.431707248286
5.83333333333333,5.41917182660647
5.85,5.40666533446414
5.86666666666667,5.39418770509067
5.88333333333333,5.38173887187383
5.9,5.36931876835747
5.91666666666667,5.35692732824153
5.93333333333333,5.34456448538202
5.95,5.33223017379107
5.96666666666667,5.31992432763687
5.98333333333333,5.30764688124372
6,5.29539776909198
6.01666666666667,5.28317692581813
6.03333333333333,5.27098428621472
6.05,5.25881978523039
6.06666666666667,5.24668335796986
6.08333333333333,5.23457493969396
6.1,5.22249446581958
6.11666666666667,5.21044187191088
6.13333333333333,5.19841709343541
6.15,5.18642006607484
6.16666666666667,5.17445072575344
6.18333333333333,5.16250900854389
6.2,5.15059485066727
6.21666666666667,5.13870818849305
6.23333333333333,5.12684895853913
6.25,5.1150170974718
6.26666666666667,5.10321254210576
6.28333333333333,5.09143522940412
6.3,5.0796850964784
6.31666666666667,5.06796208058851
6.33333333333333,5.05626611914278
6.35,5.04459714969794
6.36666666666667,5.03295510995912
6.38333333333333,5.02133993777987
6.4,5.00975157116214
6.41666666666667,4.99818994825628
6.43333333333333,4.98665500736105
6.45,4.97514668692362
6.46666666666667,4.96366492553955
6.48333333333333,4.95220966195284
6.5,4.94078083505585
6.51666666666667,4.92937838388939
6.53333333333333,4.91800224764264
6.55,4.90665236565321
6.56666666666667,4.8953286774071
6.58333333333333,4.88403112253873
6.6,4.87275964083092
6.61666666666667,4.86151417221489
6.63333333333333,4.8502946565546
6.65,4.83910103353678
6.66666666666667,4.82793324339106
6.68333333333333,4.81679122649911
6.7,4.80567492337843
6.71666666666667,4.79458427468225
6.73333333333333,4.78351922119963
6.75,4.77247970385538
6.76666666666667,4.76146566371012
6.78333333333333,4.75047704196023
6.8,4.73951377993789
6.81666666666667,4.72857581911107
6.83333333333333,4.71766310108349
6.85,4.70677556759469
6.86666666666667,4.69591316051998
6.88333333333333,4.68507582187046
6.9,4.67426349379299
6.91666666666667,4.66347611857024
6.93333333333333,4.65271363862066
6.95,4.64197599649848
6.96666666666667,4.6312631348937
6.98333333333333,4.62057499663212
7,4.60991152467533
7.01666666666667,4.59927266212069
7.03333333333333,4.58865835220134
7.05,4.57806853828621
7.06666666666667,4.56750316388003
7.08333333333333,4.55696217262328
7.1,4.54644550829226
7.11666666666667,4.53595311479902
7.13333333333333,4.52548493616774
7.15,4.51504091625978
7.16666666666667,4.50462099924728
7.18333333333333,4.49422512951832
7.2,4.48385325158617
7.21666666666667,4.47350531008927
7.23333333333333,4.46318124979127
7.25,4.452881015581
7.26666666666667,4.44260455247248
7.28333333333333,4.43235180560492
7.3,4.42212272024272
7.31666666666667,4.41191724177547
7.33333333333333,4.40173531571794
7.35,4.3915768877101
7.36666666666667,4.38144190351711
7.38333333333333,4.3713303090293
7.4,4.36124205026221
7.41666666666667,4.35117707335657
7.43333333333333,4.34113532457828
7.45,4.33111675031845
7.46666666666667,4.32112129709336
7.48333333333333,4.31114891154449
7.5,4.3011995404385
7.51666666666667,4.29127313066726
7.53333333333333,4.28136962924781
7.55,4.27148898332239
7.56666666666667,4.26163114015841
7.58333333333333,4.25179604714848
7.6,4.24198365181042
7.61666666666667,4.23219390178721
7.63333333333333,4.22242674484703
7.65,4.21268212888325
7.66666666666667,4.20296000191442
7.68333333333333,4.19326031208429
7.7,4.1835830076618
7.71666666666667,4.17392803704108
7.73333333333333,4.16429534871833
7.75,4.15468489115865
7.76666666666667,4.14509661300211
7.78333333333333,4.13553046302606
7.8,4.12598639012609
7.81666666666667,4.11646434331611
7.83333333333333,4.10696427172826
7.85,4.09748612461298
7.86666666666667,4.08802985133898
7.88333333333333,4.07859540139322
7.9,4.06918272438097
7.91666666666667,4.05979177002574
7.93333333333333,4.05042248816932
7.95,4.04107482877179
7.96666666666667,4.03174874191148
7.98333333333333,4.02244417778502
8,4.01316108670728
8.01666666666667,4.00389941911143
8.03333333333333,3.9946591255489
8.05,3.98544015668939
8.06666666666667,3.97624246332088
8.08333333333333,3.96706599634962
8.1,3.95791070680014
8.11666666666667,3.94877654581523
8.13333333333333,3.93966346465596
8.15,3.93057141470168
8.16666666666667,3.92150034744999
8.18333333333333,3.91245021451679
8.2,3.90342096763623
8.21666666666667,3.89441255866075
8.23333333333333,3.88542493956106
8.25,3.87645806242613
8.26666666666667,3.86751187946321
8.28333333333333,3.85858634299784
8.3,3.8496814054738
8.31666666666667,3.84079701945317
8.33333333333333,3.83193313761629
8.35,3.82308971276177
8.36666666666667,3.81426669780651
8.38333333333333,3.80546404571044
8.4,3.79668170921908
8.41666666666667,3.78791964128449
8.43333333333333,3.77917779499358
8.45,3.77045612354958
8.46666666666667,3.76175458027207
8.48333333333333,3.75307311859696
8.5,3.7444116920765
8.51666666666667,3.73577025437926
8.53333333333333,3.72714875929017
8.55,3.71854716071048
8.56666666666667,3.70996541265778
8.58333333333333,3.701403469266
8.6,3.6928612847854
8.61666666666667,3.68433881358258
8.63333333333333,3.67583601014048
8.65,3.66735282905837
8.66666666666667,3.65888922505185
8.68333333333333,3.65044515295287
8.7,3.64202056770971
8.71666666666667,3.63361542438698
8.73333333333333,3.62522967816564
8.75,3.61686328434298
8.76666666666667,3.60851619833262
8.78333333333333,3.60018837566452
8.8,3.59187977198498
8.81666666666667,3.58359034305663
8.83333333333333,3.57532004475843
8.85,3.56706883308571
8.86666666666667,3.55883666415009
8.88333333333333,3.55062349417955
8.9,3.54242927951841
8.91666666666667,3.53425397662732
8.93333333333333,3.52609754208327
8.95,3.51795993257957
8.96666666666667,3.50984110471304
8.98333333333333,3.50174101412383
9,3.49365961730808
9.01666666666667,3.48559687102244
9.03333333333333,3.47755273213116
9.05,3.46952715760605
9.06666666666667,3.46152010452653
9.08333333333333,3.4535315300796
9.1,3.44556139155983
9.11666666666667,3.43760964636938
9.13333333333333,3.42967625201803
9.15,3.42176116612308
9.16666666666667,3.41386434640948
9.18333333333333,3.40598575070973
9.2,3.39812533696393
9.21666666666667,3.39028306321974
9.23333333333333,3.38245888763243
9.25,3.37465276846486
9.26666666666667,3.36686466408746
9.28333333333333,3.35909453297824
9.3,3.35134233372282
9.31666666666667,3.34360802501439
9.33333333333333,3.33589156565371
9.35,3.32819291454916
9.36666666666667,3.32051203071667
9.38333333333333,3.31284887327979
9.4,3.30520340146963
9.41666666666667,3.29757557462489
9.43333333333333,3.28996535219186
9.45,3.28237269372442
9.46666666666667,3.27479755838476
9.48333333333333,3.26723990516666
9.5,3.25969969369163
9.51666666666667,3.2521768836776
9.53333333333333,3.24467143493726
9.55,3.23718330737805
9.56666666666667,3.22971246100216
9.58333333333333,3.22225885590652
9.6,3.21482245228284
9.61666666666667,3.20740321041754
9.63333333333333,3.20000109069183
9.65,3.19261605358164
9.66666666666667,3.18524805965767
9.68333333333333,3.17789706958537
9.7,3.17056304412494
9.71666666666667,3.16324594413131
9.73333333333333,3.15594573055419
9.75,3.14866236443804
9.76666666666667,3.14139580692204
9.78333333333333,3.13414601924015
9.8,3.12691296272107
9.81666666666667,3.11969659878826
9.83333333333333,3.11249688895992
9.85,3.105313794849
9.86666666666667,3.09814727816321
9.88333333333333,3.09099730070501
9.9,3.0838638243716
9.91666666666667,3.07674681115495
9.93333333333333,3.06964622311942
9.95,3.062562022098
9.96666666666667,3.05549417016987
9.98333333333333,3.04844262959813
10,3.04140736273205
10.0166666666667,3.03438833200707
10.0333333333333,3.02738549994484
10.05,3.02039882915317
10.0666666666667,3.01342828232604
10.0833333333333,3.00647382224362
10.1,2.99953541177226
10.1166666666667,2.99261301386449
10.1333333333333,2.98570659155902
10.15,2.97881610798072
10.1666666666667,2.97194152634067
10.1833333333333,2.96508280993611
10.2,2.95823992215046
10.2166666666667,2.95141282645331
10.2333333333333,2.94460148640046
10.25,2.93780586563386
10.2666666666667,2.93102592788164
10.2833333333333,2.92426163695813
10.3,2.91751295676383
10.3166666666667,2.9107798512854
10.3333333333333,2.9040622845957
10.35,2.89736022085377
10.3666666666667,2.89067362430481
10.3833333333333,2.88400245928023
10.4,2.87734669019758
10.4166666666667,2.87070628156063
10.4333333333333,2.86408119795929
10.45,2.85747140406967
10.4666666666667,2.85087686465407
10.4833333333333,2.8442975445567
10.5,2.83773340855904
10.5166666666667,2.83118442154091
10.5333333333333,2.82465054851714
10.55,2.81813175458331
10.5666666666667,2.81162800491565
10.5833333333333,2.80513926477113
10.6,2.79866549948738
10.6166666666667,2.79220667448276
10.6333333333333,2.78576275525631
10.65,2.77933370738778
10.6666666666667,2.77291949653761
10.6833333333333,2.76652008844695
10.7,2.76013544893763
10.7166666666667,2.75376554391219
10.7333333333333,2.74741033935388
10.75,2.74106980132664
10.7666666666667,2.73474389597509
10.7833333333333,2.72843258952457
10.8,2.72213584828111
10.8166666666667,2.71585363863145
10.8333333333333,2.70958592704302
10.85,2.70333268006394
10.8666666666667,2.69709386432305
10.8833333333333,2.69086944652987
10.9,2.68465939347462
10.9166666666667,2.67846367202823
10.9333333333333,2.67228224914232
10.95,2.66611509184922
10.9666666666667,2.65996216726193
10.9833333333333,2.65382344257419
11,2.64769888506041
11.0166666666667,2.6415884620757
11.0333333333333,2.63549214105587
11.05,2.62940988951745
11.0666666666667,2.62334167505764
11.0833333333333,2.61728746535436
11.1,2.6112472281662
11.1166666666667,2.60522093133249
11.1333333333333,2.59920854276854
11.15,2.59321003035166
11.1666666666667,2.58722536193374
11.1833333333333,2.58125450544431
11.2,2.57529742889353
11.2166666666667,2.5693541003722
11.2333333333333,2.56342448805173
11.25,2.55750856018418
11.2666666666667,2.55160628510226
11.2833333333333,2.54571763121929
11.3,2.53984256702923
11.3166666666667,2.53398106110668
11.3333333333333,2.52813308210687
11.35,2.52229859876567
11.3666666666667,2.51647757989957
11.3833333333333,2.5106699944057
11.4,2.50487581126184
11.4166666666667,2.49909499952638
11.4333333333333,2.49332752833836
11.45,2.48757336691744
11.4666666666667,2.48183248456394
11.4833333333333,2.47610485065878
11.5,2.47039043466354
11.5166666666667,2.46468920612043
11.5333333333333,2.45900113465228
11.55,2.45332618996257
11.5666666666667,2.4476643418354
11.5833333333333,2.44201556013552
11.6,2.4363798148083
11.6166666666667,2.43075707587975
11.6333333333333,2.42514731345651
11.65,2.41955049772587
11.6666666666667,2.41396659895574
11.6833333333333,2.40839558749465
11.7,2.40283743377179
11.7166666666667,2.39729210829698
11.7333333333333,2.39175958166066
11.75,2.38623982453392
11.7666666666667,2.38073280734408
11.7833333333333,2.37523849997377
11.8,2.36975687289738
11.8166666666667,2.36428789669364
11.8333333333333,2.35883154202123
11.85,2.35338777961882
11.8666666666667,2.34795658030503
11.8833333333333,2.34253791497846
11.9,2.33713175461766
11.9166666666667,2.33173807028118
11.9333333333333,2.3263568331075
11.95,2.32098801431508
11.9666666666667,2.31563158520237
11.9833333333333,2.31028751714775
12,2.30495578160961
12.0166666666667,2.29963635012625
12.0333333333333,2.294329194316
12.05,2.28903428587712
12.0666666666667,2.28375159658784
12.0833333333333,2.27848109830637
12.1,2.27322276297088
12.1166666666667,2.26797656259951
12.1333333333333,2.26274246929036
12.15,2.25752045522151
12.1666666666667,2.252310492651
12.1833333333333,2.24711255391683
12.2,2.24192661143698
12.2166666666667,2.2367526377094
12.2333333333333,2.23159060531199
12.25,2.22644048690263
12.2666666666667,2.22130225521917
12.2833333333333,2.21617588307943
12.3,2.21106134262872
12.3166666666667,2.20595860576105
12.3333333333333,2.20086764516549
12.35,2.19578843360051
12.3666666666667,2.19072094389321
12.3833333333333,2.18566514893936
12.4,2.18062102170339
12.4166666666667,2.17558853521835
12.4333333333333,2.17056766258597
12.45,2.16555837697663
12.4666666666667,2.16056065162933
12.4833333333333,2.15557445985175
12.5,2.15059977502023
12.5166666666667,2.14563657057973
12.5333333333333,2.14068482004387
12.55,2.13574449699494
12.5666666666667,2.13081557508387
12.5833333333333,2.12589802803023
12.6,2.12099182962225
12.6166666666667,2.11609695371682
12.6333333333333,2.11121337423946
12.65,2.10634106518437
12.6666666666667,2.10148000061437
12.6833333333333,2.09663015466096
12.7,2.09179150152427
12.7166666666667,2.08696401547308
12.7333333333333,2.08214767084484
12.75,2.07734244204564
12.7666666666667,2.07254830324651
12.7833333333333,2.06776522852814
12.8,2.06299319233246
12.8166666666667,2.05823216916201
12.8333333333333,2.05348213357945
12.85,2.04874306020753
12.8666666666667,2.04401492372909
12.8833333333333,2.03929769888704
12.9,2.03459136048441
12.9166666666667,2.02989588338432
12.9333333333333,2.02521124250997
12.95,2.02053741284466
12.9666666666667,2.01587436943179
12.9833333333333,2.01122208737484
13,2.00658054183738
13.0166666666667,2.00194970804309
13.0333333333333,1.99732956127572
13.05,1.99272007687914
13.0666666666667,1.98812123025729
13.0833333333333,1.98353299687421
13.1,1.97895535225403
13.1166666666667,1.97438827198099
13.1333333333333,1.96983173169938
13.15,1.96528570711364
13.1666666666667,1.96075017398825
13.1833333333333,1.95622510814782
13.2,1.95171048547704
13.2166666666667,1.94720628192068
13.2333333333333,1.94271247348362
13.25,1.93822903623082
13.2666666666667,1.93375594623099
13.2833333333333,1.92929317944241
13.3,1.92484071200689
13.3166666666667,1.9203985201348
13.3333333333333,1.91596658009185
13.35,1.9115448681991
13.3666666666667,1.907133360833
13.3833333333333,1.90273203442536
13.4,1.89834086546333
13.4166666666667,1.89395983048943
13.4333333333333,1.88958890610157
13.45,1.88522806895298
13.4666666666667,1.88087729575229
13.4833333333333,1.87653656326346
13.5,1.87220584830584
13.5166666666667,1.86788512775412
13.5333333333333,1.86357437853838
13.55,1.85927357764403
13.5666666666667,1.85498270211186
13.5833333333333,1.85070172903802
13.6,1.84643063557404
13.6166666666667,1.84216939892677
13.6333333333333,1.83791799635847
13.65,1.83367640518672
13.6666666666667,1.8294446027845
13.6833333333333,1.82522256658013
13.7,1.82101027405729
13.7166666666667,1.81680770275504
13.7333333333333,1.81261483026779
13.75,1.80843163424532
13.7666666666667,1.80425809239276
13.7833333333333,1.80009418247062
13.8,1.79593988229475
13.8166666666667,1.79179516973638
13.8333333333333,1.7876600227221
13.85,1.78353441923386
13.8666666666667,1.77941833729635
13.8833333333333,1.77531175462949
13.9,1.77121464916081
13.9166666666667,1.7671269990251
13.9333333333333,1.76304878240694
13.95,1.75897997754074
13.9666666666667,1.75492056271073
13.9833333333333,1.75087051625093
14,1.74682981654518
