0,0
0.0166666666666667,0.400433575542884
0.0333333333333333,0.77006088265245
0.05,1.11111161426337
0.0666666666666667,1.42563456424161
0.0833333333333333,1.71553788747524
0.1,1.98260749872582
0.116666666666667,2.22851416275261
0.133333333333333,2.45478216158257
0.15,2.66280053990386
0.166666666666667,2.8538805628127
0.183333333333333,3.02925684496886
0.2,3.19008735059559
0.216666666666667,3.33744714789149
0.233333333333333,3.47229645392225
0.25,3.59552291942115
0.266666666666667,3.70796507640013
0.283333333333333,3.81041242608896
0.3,3.90360543893527
0.316666666666667,3.98823155939099
0.333333333333333,4.06490476471923
0.35,4.13419261393431
0.366666666666667,4.19663124685495
0.383333333333333,4.25272544035708
0.4,4.30294860837382
0.416666666666667,4.34774024621318
0.433333333333333,4.38749285464441
0.45,4.42256924268557
0.466666666666667,4.45331212224153
0.483333333333333,4.48004414408731
0.5,4.50306789786816
0.516666666666667,4.522664277264
0.533333333333333,4.53908411553474
0.55,4.55255925384017
0.566666666666667,4.56330867875489
0.583333333333333,4.57153854528582
0.6,4.5774421768722
0.616666666666667,4.5811990196021
0.633333333333333,4.58296929160749
0.65,4.58290106328844
0.666666666666667,4.58113418335912
0.683333333333333,4.57780029357116
0.7,4.57302282871363
0.716666666666667,4.56691634763755
0.733333333333333,4.55958311056519
0.75,4.55111760818956
0.766666666666667,4.54160907307753
0.783333333333333,4.5311414890876
0.8,4.5197935913699
0.816666666666667,4.5076384384292
0.833333333333333,4.49474122269194
0.85,4.4811621676896
0.866666666666667,4.46695813453688
0.883333333333333,4.45218262795553
0.9,4.43688579627439
0.916666666666667,4.42111411133618
0.933333333333333,4.40490903295247
0.95,4.38830897306365
0.966666666666667,4.37135015488395
0.983333333333333,4.35406661227
1,4.33649018972085
1,4.33649018972085
1.01666666666667,5.02798930016181
1.03333333333333,5.6647054142845
1.05,6.25057219569749
1.06666666666667,6.7892322470942
1.08333333333333,7.28410775361582
1.1,7.73840048285128
1.11666666666667,8.15532801553213
1.13333333333333,8.53761241697999
1.15,8.88749072831846
1.16666666666667,9.20712513708956
1.18333333333333,9.49860297725376
1.2,9.76393672918991
1.21666666666667,10.0050640196953
1.23333333333333,10.2238476219858
1.25,10.4220754556953
1.26666666666667,10.6014605868766
1.28333333333333,10.76356831544
1.3,10.9094924644151
1.31666666666667,11.0402582519798
1.33333333333333,11.1568694551967
1.35,11.2602968701975
1.36666666666667,11.3514783121829
1.38333333333333,11.431318615423
1.4,11.5006896332568
1.41666666666667,11.5604302380929
1.43333333333333,11.6113463214085
1.45,11.6542104007
1.46666666666667,11.6896355497799
1.48333333333333,11.7180740278604
1.5,11.7399906292578
1.51666666666667,11.7558350977458
1.53333333333333,11.7660421265553
1.55,11.7710313583744
1.56666666666667,11.7712073853485
1.58333333333333,11.7669597490799
1.6,11.7586629406285
1.61666666666667,11.7466764005112
1.63333333333333,11.7313338475291
1.65,11.7128643922616
1.66666666666667,11.6914774379868
1.68333333333333,11.6673808398311
1.7,11.6407756012544
1.71666666666667,11.6118558740503
1.73333333333333,11.580808958346
1.75,11.5478153026024
1.76666666666667,11.5130485036142
1.78333333333333,11.4766753065094
1.8,11.43885560475
1.81666666666667,11.3997225164509
1.83333333333333,11.3593688207388
1.85,11.3178900911003
1.86666666666667,11.2753788139096
1.88333333333333,11.2319243581982
1.9,11.1876129756552
1.91666666666667,11.1425278006268
1.93333333333333,11.0967488501171
1.95,11.0503530237871
1.96666666666667,11.0034141039556
1.98333333333333,10.9560015290702
2,10.90816411014
2.01666666666667,10.8599438504266
2.03333333333333,10.8113828857363
2.05,10.7625219356524
2.06666666666667,10.713400303535
2.08333333333333,10.6640558765212
2.1,10.614525125525
2.11666666666667,10.5648431052372
2.13333333333333,10.5150434541255
2.15,10.4651583944346
2.16666666666667,10.4152157176609
2.18333333333333,10.3652338266514
2.2,10.3152314486914
2.21666666666667,10.2652267447974
2.23333333333333,10.2152372345637
2.25,10.1652797961624
2.26666666666667,10.1153706663437
2.28333333333333,10.0655254404353
2.3,10.0157590723429
2.31666666666667,9.96608587455018
2.33333333333333,9.9165194030512
2.35,9.86706929701967
2.36666666666667,9.8177431572584
2.38333333333333,9.76854870751811
2.4,9.71949338291755
2.41666666666667,9.67058432994351
2.43333333333333,9.62182840645081
2.45,9.5732321816623
2.46666666666667,9.52480193616888
2.48333333333333,9.47654366192946
2.5,9.428463062271
2.51666666666667,9.38056511578869
2.53333333333333,9.33285274665454
2.55,9.28532882688815
2.56666666666667,9.23799614308123
2.58333333333333,9.19085735373011
2.6,9.14391498923571
2.61666666666667,9.0971714519035
2.63333333333333,9.05062901594358
2.65,9.0042898274706
2.66666666666667,8.95815590450383
2.68333333333333,8.91222913004986
2.7,8.86651067624587
2.71666666666667,8.82100115817751
2.73333333333333,8.77570123775928
2.75,8.73061152176798
2.76666666666667,8.68573256184265
2.78333333333333,8.64106485448459
2.8,8.59660884105741
2.81666666666667,8.55236490778693
2.83333333333333,8.50833338576128
2.85,8.46451455093085
2.86666666666667,8.42090856472247
2.88333333333333,8.37751516255339
2.9,8.33433403577222
2.91666666666667,8.29136487003012
2.93333333333333,8.24860732890768
2.95,8.20606105391497
2.96666666666667,8.16372566449147
2.98333333333333,8.12160075800611
3,8.07968590975727
3.01666666666667,8.03798067297276
3.03333333333333,7.99648457875722
3.05,7.95519703886593
3.06666666666667,7.91411732465269
3.08333333333333,7.87324472429038
3.1,7.83257851878387
3.11666666666667,7.79211798197005
3.13333333333333,7.75186238051779
3.15,7.71181097392798
3.16666666666667,7.67196301453352
3.18333333333333,7.6323177474993
3.2,7.5928744108222
3.21666666666667,7.55363222790188
3.23333333333333,7.51459034043087
3.25,7.47574787551979
3.26666666666667,7.43710396499255
3.28333333333333,7.3986577401406
3.3,7.360408331723
3.31666666666667,7.32235486996641
3.33333333333333,7.28449648456506
3.35,7.24683230468078
3.36666666666667,7.20936145894298
3.38333333333333,7.17208307544866
3.4,7.13499626656889
3.41666666666667,7.09810011426689
3.43333333333333,7.0613937080721
3.45,7.02487613995611
3.46666666666667,6.98854650423553
3.48333333333333,6.95240389757199
3.5,6.91644741897211
3.51666666666667,6.88067616978757
3.53333333333333,6.84508925371503
3.55,6.80968577679618
3.56666666666667,6.77446484659526
3.58333333333333,6.73942555858269
3.6,6.70456700692539
3.61666666666667,6.66988829088466
3.63333333333333,6.63538851323983
3.65,6.60106678028828
3.66666666666667,6.56692220184537
3.68333333333333,6.53295389124452
3.7,6.49916096533714
3.71666666666667,6.46554254449269
3.73333333333333,6.43209775259864
3.75,6.39882571472234
3.76666666666667,6.36572555261023
3.78333333333333,6.33279639306442
3.8,6.3000373669186
3.81666666666667,6.26744760892831
3.83333333333333,6.23502625777096
3.85,6.20277245604583
3.86666666666667,6.17068535027405
3.88333333333333,6.13876409089862
3.9,6.10700783228441
3.91666666666667,6.07541573264192
3.93333333333333,6.04398695134205
3.95,6.01272065063255
3.96666666666667,5.98161599728712
3.98333333333333,5.9506721620617
4,5.91988831969445
4.01666666666667,5.88926364890578
4.03333333333333,5.85879733239833
4.05,5.82848855685699
4.06666666666667,5.79833651294888
4.08333333333333,5.76834039532335
4.1,5.73849940226476
4.11666666666667,5.70881273461359
4.13333333333333,5.67927959746379
4.15,5.64989919987251
4.16666666666667,5.62067075479846
4.18333333333333,5.59159347910186
4.2,5.5626665935445
4.21666666666667,5.53388932278967
4.23333333333333,5.50526089540223
4.25,5.47678054384854
4.26666666666667,5.44844750449652
4.28333333333333,5.42026101755563
4.3,5.39222032620904
4.31666666666667,5.36432467773866
4.33333333333333,5.33657332339513
4.35,5.30896551815087
4.36666666666667,5.28150052070002
4.38333333333333,5.25417759345849
4.4,5.22699600256394
4.41666666666667,5.19995501787577
4.43333333333333,5.17305391297513
4.45,5.14629196516494
4.46666666666667,5.11966845546985
4.48333333333333,5.09318266863627
4.5,5.06683389312515
4.51666666666667,5.04062142017255
4.53333333333333,5.01454454506045
4.55,4.98860256728033
4.56666666666667,4.9627947897886
4.58333333333333,4.93712051900663
4.6,4.91157906482077
4.61666666666667,4.88616974058234
4.63333333333333,4.86089186310759
4.65,4.83574475267776
4.66666666666667,4.81072773303906
4.68333333333333,4.78584013140264
4.7,4.76108127844463
4.71666666666667,4.73645050830611
4.73333333333333,4.71194715859313
4.75,4.68757057037671
4.76666666666667,4.66332008778131
4.78333333333333,4.63919505734228
4.8,4.61519483088993
4.81666666666667,4.59131876364757
4.83333333333333,4.56756621399847
4.85,4.54393654348589
4.86666666666667,4.52042911681306
4.88333333333333,4.49704330184317
4.9,4.47377846959939
4.91666666666667,4.45063399426488
4.93333333333333,4.42760925318274
4.95,4.40470362685608
4.96666666666667,4.38191649894796
4.98333333333333,4.35924725628142
5,4.33669528883948
5.01666666666667,4.31425998976512
5.03333333333333,4.29194075536131
5.05,4.26973698509097
5.06666666666667,4.24764808157703
5.08333333333333,4.22567344897121
5.1,4.20381249494403
5.11666666666667,4.18206463278067
5.13333333333333,4.16042927859276
5.15,4.13890585130643
5.16666666666667,4.11749377266233
5.18333333333333,4.09619246721563
5.2,4.07500136233601
5.21666666666667,4.05391988820768
5.23333333333333,4.03294747782937
5.25,4.01208356701431
5.26666666666667,3.99132759439027
5.28333333333333,3.97067900139952
5.3,3.95013723229887
5.31666666666667,3.92970173415962
5.33333333333333,3.90937195686761
5.35,3.88914735312318
5.36666666666667,3.86902737844122
5.38333333333333,3.84901149115111
5.4,3.82909915239675
5.41666666666667,3.80928982613657
5.43333333333333,3.7895829791435
5.45,3.76997808100502
5.46666666666667,3.75047460172845
5.48333333333333,3.73107201298936
5.5,3.71176979491842
5.51666666666667,3.69256743023481
5.53333333333333,3.67346440408288
5.55,3.65446020403208
5.56666666666667,3.63555432007703
5.58333333333333,3.61674624463745
5.6,3.59803547255823
5.61666666666667,3.57942150110937
5.63333333333333,3.56090382998602
5.65,3.54248196130846
5.66666666666667,3.5241553996221
5.68333333333333,3.50592365189749
5.7,3.48778622753032
5.71666666666667,3.46974263834142
5.73333333333333,3.45179239857674
5.75,3.43393502490737
5.76666666666667,3.41617003642955
5.78333333333333,3.39849695466463
5.8,3.38091530355912
5.81666666666667,3.36342460948464
5.83333333333333,3.34602440123798
5.85,3.32871421004104
5.86666666666667,3.31149356954086
5.88333333333333,3.29436201580961
5.9,3.27731908734462
5.91666666666667,3.26036432506831
5.93333333333333,3.24349727232829
5.95,3.22671747489713
5.96666666666667,3.21002447284182
5.98333333333333,3.19341781163187
6,3.17689704824158
6.01666666666667,3.16046174162858
6.03333333333333,3.14411145273379
6.05,3.12784574448148
6.06666666666667,3.11166418177923
6.08333333333333,3.09556633151795
6.1,3.07955176257186
6.11666666666667,3.0636200457985
6.13333333333333,3.04777075403874
6.15,3.03200346211677
6.16666666666667,3.0163177468401
6.18333333333333,3.00071318699956
6.2,2.9851893633693
6.21666666666667,2.96974585870679
6.23333333333333,2.95438225775284
6.25,2.93909814723156
6.26666666666667,2.92389311585037
6.28333333333333,2.90876675430006
6.3,2.89371865525468
6.31666666666667,2.87874841337165
6.33333333333333,2.86385562529169
6.35,2.84903988963884
6.36666666666667,2.83430080702046
6.38333333333333,2.81963798002725
6.4,2.80505101323321
6.41666666666667,2.79053951319567
6.43333333333333,2.77610308845529
6.45,2.76174134953603
6.46666666666667,2.74745390894518
6.48333333333333,2.73324038117337
6.5,2.71910038269452
6.51666666666667,2.7050335319659
6.53333333333333,2.69103944942808
6.55,2.67711775750496
6.56666666666667,2.66326808060377
6.58333333333333,2.64949004511505
6.6,2.63578327941266
6.61666666666667,2.62214741385378
6.63333333333333,2.60858206922827
6.65,2.59508686294949
6.66666666666667,2.58166143745103
6.68333333333333,2.56830543712488
6.7,2.55501850786899
6.71666666666667,2.54180029708729
6.73333333333333,2.52865045368969
6.75,2.51556862809211
6.76666666666667,2.50255447221641
6.78333333333333,2.48960763949044
6.8,2.47672778484805
6.81666666666667,2.46391456472906
6.83333333333333,2.45116763707926
6.85,2.43848666135043
6.86666666666667,2.42587129850032
6.88333333333333,2.41332121099268
6.9,2.40083606279723
6.91666666666667,2.38841551938966
6.93333333333333,2.37605924775166
6.95,2.36376691637089
6.96666666666667,2.35153819524097
6.98333333333333,2.33937275586155
7,2.32727027123821
7.01666666666667,2.31523041588254
7.03333333333333,2.3032528658121
7.05,2.29133729855043
7.06666666666667,2.27948339312705
7.08333333333333,2.26769083007747
7.1,2.25595929144317
7.11666666666667,2.24428846077161
7.13333333333333,2.23267802311624
7.15,2.22112766503648
7.16666666666667,2.20963707459773
7.18333333333333,2.19820594137138
7.2,2.18683395643479
7.21666666666667,2.1755208123713
7.23333333333333,2.16426620327026
7.25,2.15306982472694
7.26666666666667,2.14193137384266
7.28333333333333,2.13085054922466
7.3,2.11982705098621
7.31666666666667,2.10886058074651
7.33333333333333,2.09795084163079
7.35,2.08709753827023
7.36666666666667,2.07630037680199
7.38333333333333,2.06555906486923
7.4,2.05487331162108
7.41666666666667,2.04424282771263
7.43333333333333,2.03366732530499
7.45,2.02314651806522
7.46666666666667,2.01268012116637
7.48333333333333,2.00226785128747
7.5,1.99190942661353
7.51666666666667,1.98160456683554
7.53333333333333,1.97135299563067
7.55,1.96115444321801
7.56666666666667,1.95100863826069
7.58333333333333,1.94091531049699
7.6,1.93087419085851
7.61666666666667,1.92088501147015
7.63333333333333,1.91094750565015
7.65,1.90106140791003
7.66666666666667,1.89122645395466
7.68333333333333,1.88144238068219
7.7,1.8717089261841
7.71666666666667,1.86202582974519
7.73333333333333,1.85239283184356
7.75,1.84280967415063
7.76666666666667,1.83327609953113
7.78333333333333,1.82379185204311
7.8,1.81435667693794
7.81666666666667,1.80497032066027
7.83333333333333,1.79563253084811
7.85,1.78634305633275
7.86666666666667,1.77710164713881
7.88333333333333,1.76790805448422
7.9,1.75876203078021
7.91666666666667,1.74966332963134
7.93333333333333,1.74061170583549
7.95,1.73160691538384
7.96666666666667,1.72264871546087
7.98333333333333,1.71373686444441
8,1.70487112190558
8.01666666666667,1.6960512486088
8.03333333333333,1.68727700651185
8.05,1.67854815876577
8.06666666666667,1.66986446971495
8.08333333333333,1.66122570489708
8.1,1.65263163104316
8.11666666666667,1.64408201607752
8.13333333333333,1.63557662911778
8.15,1.6271152404749
8.16666666666667,1.61869762165313
8.18333333333333,1.61032354535005
8.2,1.60199278545654
8.21666666666667,1.59370511705681
8.23333333333333,1.58546031642837
8.25,1.57725816104205
8.26666666666667,1.56909842940372
8.28333333333333,1.56098089863624
8.3,1.55290535100901
8.31666666666667,1.54487157149279
8.33333333333333,1.53687934600581
8.35,1.52892846141377
8.36666666666667,1.52101870552989
8.38333333333333,1.51314986711484
8.4,1.5053217358768
8.41666666666667,1.49753410247143
8.43333333333333,1.48978675850186
8.45,1.48207949651873
8.46666666666667,1.47441211002015
8.48333333333333,1.46678439345172
8.5,1.45919614220651
8.51666666666667,1.45164715262511
8.53333333333333,1.44413722199556
8.55,1.43666614855341
8.56666666666667,1.42923373148167
8.58333333333333,1.42183977091088
8.6,1.414484067919
8.61666666666667,1.40716642453154
8.63333333333333,1.39988664372146
8.65,1.39264452940921
8.66666666666667,1.38543988646272
8.68333333333333,1.37827252069743
8.7,1.37114223887624
8.71666666666667,1.36404884870955
8.73333333333333,1.35699215885523
8.75,1.34997197891865
8.76666666666667,1.34298811945266
8.78333333333333,1.3360403919576
8.8,1.32912860888128
8.81666666666667,1.32225258361903
8.83333333333333,1.31541213051362
8.85,1.30860706485534
8.86666666666667,1.30183720288194
8.88333333333333,1.29510236177868
8.9,1.2884023596783
8.91666666666667,1.281737015661
8.93333333333333,1.2751061497545
8.95,1.26850958293398
8.96666666666667,1.26194713712213
8.98333333333333,1.25541863518909
9,1.24892390095253
9.01666666666667,1.24246275788037
9.03333333333333,1.23603502905235
9.05,1.22964054326785
9.06666666666667,1.22327913036884
9.08333333333333,1.21695062094281
9.1,1.2106548463228
9.11666666666667,1.20439163858736
9.13333333333333,1.19816083056059
9.15,1.19196225581213
9.16666666666667,1.18579574865714
9.18333333333333,1.17966114415632
9.2,1.17355827811591
9.21666666666667,1.16748698708767
9.23333333333333,1.16144710836893
9.25,1.15543848000251
9.26666666666667,1.14946094077678
9.28333333333333,1.14351433022566
9.3,1.1375984886286
9.31666666666667,1.13171325701056
9.33333333333333,1.12585847714206
9.35,1.12003399153915
9.36666666666667,1.11423964346341
9.38333333333333,1.10847527692195
9.4,1.10274073666743
9.41666666666667,1.09703586819803
9.43333333333333,1.09136051775747
9.45,1.08571453233501
9.46666666666667,1.08009775966543
9.48333333333333,1.07451004822906
9.5,1.06895124725175
9.51666666666667,1.0634212067049
9.53333333333333,1.05791977730543
9.55,1.05244681051581
9.56666666666667,1.04700215854403
9.58333333333333,1.04158567434363
9.6,1.03619721161367
9.61666666666667,1.03083662479874
9.63333333333333,1.02550376908898
9.65,1.02019850042007
9.66666666666667,1.0149206754732
9.68333333333333,1.00967015167511
9.7,1.00444678719808
9.71666666666667,0.999250440959916
9.73333333333333,0.994080972623953
9.75,0.98893824259907
9.76666666666667,0.983822112039679
9.78333333333333,0.97873244280409
9.8,0.973669095943758
9.81666666666667,0.968631935443675
9.83333333333333,0.963620827262729
9.85,0.958635637948027
9.86666666666667,0.953676234634891
9.88333333333333,0.948742485046862
9.9,0.943834257495694
9.91666666666667,0.938951420881359
9.93333333333333,0.934093844692047
9.95,0.92926139900416
9.96666666666667,0.924453954482319
9.98333333333333,0.919671382379362
10,0.914913554536344
10.0166666666667,0.910180343382533
10.0333333333333,0.905471621935415
10.05,0.900787263800694
10.0666666666667,0.896127143172289
10.0833333333333,0.891491134832334
10.1,0.886879114151182
10.1166666666667,0.882290957087401
10.1333333333333,0.877726540187775
10.15,0.873185740587305
10.1666666666667,0.868668436009208
10.1833333333333,0.864174504764917
10.2,0.859703825754084
10.2166666666667,0.855256278464572
10.2333333333333,0.850831742972465
10.25,0.846430099942063
10.2666666666667,0.842051230625881
10.2833333333333,0.837695016864648
10.3,0.833361341087315
10.3166666666667,0.829050086311046
10.3333333333333,0.82476113614122
10.35,0.820494374771436
10.3666666666667,0.816249686983506
10.3833333333333,0.81202695814746
10.4,0.807826074221545
10.4166666666667,0.803646921752222
10.4333333333333,0.799489387874171
10.45,0.795353360310287
10.4666666666667,0.791238727371681
10.4833333333333,0.787145377957681
10.5,0.783073201555832
10.5166666666667,0.779022088241894
10.5333333333333,0.774991928679844
10.55,0.770982614098988
10.5666666666667,0.766994035583633
10.5833333333333,0.76302608616733
10.6,0.759078660109453
10.6166666666667,0.755151652138989
10.6333333333333,0.751244957454543
10.65,0.747358471724338
10.6666666666667,0.743492091086211
10.6833333333333,0.739645712147617
10.7,0.735819231985626
10.7166666666667,0.732012548146925
10.7333333333333,0.728225558647819
10.75,0.724458161974227
10.7666666666667,0.720710257081686
10.7833333333333,0.716981743395347
10.8,0.713272520809982
10.8166666666667,0.709582489689975
10.8333333333333,0.705911550869328
10.85,0.702259605651661
10.8666666666667,0.698626555810207
10.8833333333333,0.695012303587818
10.9,0.691416751696962
10.9166666666667,0.687839803319723
10.9333333333333,0.684281362107801
10.95,0.680741332182513
10.9666666666667,0.677219618134793
10.9833333333333,0.673716125025191
11,0.670230758383872
11.0166666666667,0.666763424210619
11.0333333333333,0.663314028974831
11.05,0.659882479615524
11.0666666666667,0.656468683541329
11.0833333333333,0.653072548630495
11.1,0.649693983230885
11.1166666666667,0.646332896159982
11.1333333333333,0.642989196704882
11.15,0.6396627946223
11.1666666666667,0.636353600138566
11.1833333333333,0.633061523949625
11.2,0.629786477221042
11.2166666666667,0.626528371587996
11.2333333333333,0.623287119155283
11.25,0.620062632497314
11.2666666666667,0.61685482465812
11.2833333333333,0.613663608821572
11.3,0.61048889827538
11.3166666666667,0.607330608272157
11.3333333333333,0.604188654558079
11.35,0.60106295325662
11.3666666666667,0.597953420868556
11.3833333333333,0.594859974271966
11.4,0.591782530722225
11.4166666666667,0.588721007852013
11.4333333333333,0.585675323671308
11.45,0.582645396567392
11.4666666666667,0.579631145304845
11.4833333333333,0.576632489025549
11.5,0.573649347248686
11.5166666666667,0.570681639870741
11.5333333333333,0.567729287165496
11.55,0.564792209784037
11.5666666666667,0.56187032875475
11.5833333333333,0.558963565483321
11.6,0.556071841752739
11.6166666666667,0.553195079723291
11.6333333333333,0.550333201932566
11.65,0.547486131295453
11.6666666666667,0.544653791104145
11.6833333333333,0.541836105028132
11.7,0.539032997114207
11.7166666666667,0.536244391786462
11.7333333333333,0.533470213846291
11.75,0.530710388472391
11.7666666666667,0.527964841220755
11.7833333333333,0.52523349802468
11.8,0.522516285194763
11.8166666666667,0.519813129418904
11.8333333333333,0.517123957762299
11.85,0.514448697667449
11.8666666666667,0.511787276954154
11.8833333333333,0.509139623819516
11.9,0.506505666837936
11.9166666666667,0.503885334961117
11.9333333333333,0.501278557518063
11.95,0.498685264215079
11.9666666666667,0.496105385135769
11.9833333333333,0.493538850418553
12,0.490985589786753
12.0166666666667,0.488445535023302
12.0333333333333,0.485918618413555
12.05,0.483404772544334
12.0666666666667,0.480903930303927
12.0833333333333,0.478416024882089
12.1,0.47594098977004
12.1166666666667,0.473478758760467
12.1333333333333,0.471029265947525
12.15,0.468592445726832
12.1666666666667,0.466168232795475
12.1833333333333,0.463756562152008
12.2,0.461357369096449
12.2166666666667,0.458970589230283
12.2333333333333,0.456596158456463
12.25,0.454234012979407
12.2666666666667,0.451884089305
12.2833333333333,0.449546324240593
12.3,0.447220654895003
12.3166666666667,0.444907018678515
12.3333333333333,0.442605353302879
12.35,0.440315596781311
12.3666666666667,0.438037687428495
12.3833333333333,0.43577156386058
12.4,0.433517164995182
12.4166666666667,0.431274430051384
12.4333333333333,0.429043298549733
12.45,0.426823710312247
12.4666666666667,0.424615605462404
12.4833333333333,0.422418924425155
12.5,0.420233607926913
12.5166666666667,0.418059596995559
12.5333333333333,0.41589683296044
12.55,0.413745257452369
12.5666666666667,0.411604812403627
12.5833333333333,0.409475440047959
12.6,0.407357082920579
12.6166666666667,0.405249683858165
12.6333333333333,0.403153185998864
12.65,0.401067532782286
12.6666666666667,0.398992667949511
12.6833333333333,0.396928535543082
12.7,0.394875079858578
12.7166666666667,0.392832244351607
12.7333333333333,0.390799973981861
12.75,0.388778214653496
12.7666666666667,0.3867669125088
12.7833333333333,0.384766013928184
12.8,0.382775465530191
12.8166666666667,0.380795214171489
12.8333333333333,0.378825206946875
12.85,0.376865391189271
12.8666666666667,0.37491571446973
12.8833333333333,0.372976124597432
12.9,0.371046569619683
12.9166666666667,0.369126997821917
12.9333333333333,0.367217357727697
12.95,0.365317598098713
12.9666666666667,0.363427667934782
12.9833333333333,0.361547516473849
13,0.359677093191988
13.0166666666667,0.357816347803398
13.0333333333333,0.355965230260408
13.05,0.354123690753473
13.0666666666667,0.352291679711178
13.0833333333333,0.350469147800231
13.1,0.348656045925474
13.1166666666667,0.346852325229871
13.1333333333333,0.345057937094517
13.15,0.343272833138633
13.1666666666667,0.341496965219569
13.1833333333333,0.339730285432802
13.2,0.337972746111935
13.2166666666667,0.336224299828702
13.2333333333333,0.334484899392962
13.25,0.332754497852702
13.2666666666667,0.331033048494038
13.2833333333333,0.329320504841213
13.3,0.327616820656596
13.3166666666667,0.325921949940687
13.3333333333333,0.32423584693211
13.35,0.322558466107619
13.3666666666667,0.320889762182095
13.3833333333333,0.319229690108548
13.4,0.317578205078111
13.4166666666667,0.315935262520051
13.4333333333333,0.314300818101759
13.45,0.312674827728753
13.4666666666667,0.311057247559625
13.4833333333333,0.309448034528065
13.5,0.307847145759588
13.5166666666667,0.306254538390981
13.5333333333333,0.304670169758224
13.55,0.303093997396489
13.5666666666667,0.301525979040138
13.5833333333333,0.299966072622726
13.6,0.298414236277001
13.6166666666667,0.296870428334902
13.6333333333333,0.29533460732756
13.65,0.293806731985295
13.6666666666667,0.292286761237625
13.6833333333333,0.290774654213253
13.7,0.289270370240079
13.7166666666667,0.287773868845193
13.7333333333333,0.286285109754875
13.75,0.2848040528946
13.7666666666667,0.283330658389034
13.7833333333333,0.281864886562033
13.8,0.280406697936646
13.8166666666667,0.278956053235115
13.8333333333333,0.277512913378872
13.85,0.276077239488543
13.8666666666667,0.274648992883943
13.8833333333333,0.273228135084081
13.9,0.271814627807156
13.9166666666667,0.270408432970563
13.9333333333333,0.269009512690883
13.95,0.267617829283893
13.9666666666667,0.26623334526456
13.9833333333333,0.264856023347044
14,0.263485826444696
