1,0
1.01666666666667,0.490359566744336
1.03333333333333,0.93360852743553
1.05,1.33419204469166
1.06666666666667,1.69611156869205
1.08333333333333,2.02302999069164
1.1,2.31831005281501
1.11666666666667,2.58487572090253
1.13333333333333,2.82537699357228
1.15,3.04227939180121
1.16666666666667,3.23786395892518
1.18333333333333,3.41424816635288
1.2,3.57323924820671
1.21666666666667,3.71634445798169
1.23333333333333,3.84499112028184
1.25,3.96053178132495
1.26666666666667,4.06424420894259
1.28333333333333,4.15733139258008
1.3,4.24091147505
1.31666666666667,4.31586639464082
1.33333333333333,4.38291256497919
1.35,4.44273483609977
1.36666666666667,4.49598793451205
1.38333333333333,4.54329646320037
1.4,4.58525490162394
1.41666666666667,4.62242760571676
1.43333333333333,4.65533670480898
1.45,4.68435231064989
1.46666666666667,4.70979332459908
1.48333333333333,4.73197084829685
1.5,4.7511821463659
1.51666666666667,4.76771064641128
1.53333333333333,4.78182593902039
1.55,4.79378377776303
1.56666666666667,4.80381915761639
1.58333333333333,4.81209764723161
1.6,4.81876475919676
1.61666666666667,4.82396184672944
1.63333333333333,4.82782396193556
1.65,4.83047985580929
1.66666666666667,4.83205197823309
1.68333333333333,4.83265647797772
1.7,4.8323992168989
1.71666666666667,4.831353994263
1.73333333333333,4.82958710241004
1.75,4.82716275712423
1.76666666666667,4.82414230341199
1.78333333333333,4.82058421550192
1.8,4.81654409684481
1.81666666666667,4.81207468011365
1.83333333333333,4.80722358042601
1.85,4.80202373907004
1.86666666666667,4.79650534922715
1.88333333333333,4.79069757523274
1.9,4.78462827355026
1.91666666666667,4.77832399277124
1.93333333333333,4.77180997361523
1.95,4.76511014892987
1.96666666666667,4.75824589765715
1.98333333333333,4.75123193968993
2,4.74408201615695
2.01666666666667,4.73680936412028
2.03333333333333,4.72942662481404
2.05,4.72194584364432
2.06666666666667,4.71437847018927
2.08333333333333,4.706735358199
2.1,4.69902608412562
2.11666666666667,4.69125723033323
2.13333333333333,4.68343504075531
2.15,4.67556551531609
2.16666666666667,4.66765438251255
2.18333333333333,4.65970709941433
2.2,4.6517288516638
2.21666666666667,4.64372455347601
2.23333333333333,4.63569847938013
2.25,4.62765357141595
2.26666666666667,4.61959265780004
2.28333333333333,4.61151845013697
2.3,4.60343353639778
2.31666666666667,4.59534038091992
2.33333333333333,4.58724132440734
2.35,4.5791385839304
2.36666666666667,4.57103405599206
2.38333333333333,4.56292905095457
2.4,4.55482484140457
2.41666666666667,4.54672264496537
2.43333333333333,4.53862362295993
2.45,4.53052888041079
2.46666666666667,4.52243946604014
2.48333333333333,4.51435637226976
2.5,4.50628043087003
2.51666666666667,4.49821221926443
2.53333333333333,4.4901523019479
2.55,4.4821012179006
2.56666666666667,4.47405948047831
2.58333333333333,4.4660275774125
2.6,4.45800597081027
2.61666666666667,4.44999509714537
2.63333333333333,4.44199531245854
2.65,4.43400686416591
2.66666666666667,4.42602999473464
2.68333333333333,4.41806493498292
2.7,4.41011190407996
2.71666666666667,4.40217110954598
2.73333333333333,4.39424274725223
2.75,4.38632700133785
2.76666666666667,4.37842401600947
2.78333333333333,4.37053388957746
2.8,4.36265671832045
2.81666666666667,4.35479259323474
2.83333333333333,4.34694160003439
2.85,4.33910381915114
2.86666666666667,4.33127932573448
2.88333333333333,4.32346818952748
2.9,4.31567046065385
2.91666666666667,4.30788617002178
2.93333333333333,4.3001153476764
2.95,4.29235802128083
2.96666666666667,4.28461421611614
2.98333333333333,4.27688395508141
3,4.26916725869366
3.01666666666667,4.26146414496661
3.03333333333333,4.25377462237332
3.05,4.24609869142962
3.06666666666667,4.23843635227879
3.08333333333333,4.2307876040031
3.1,4.22315244462374
3.11666666666667,4.21553087110088
3.13333333333333,4.20792287933365
3.15,4.20032846406257
3.16666666666667,4.19274761543951
3.18333333333333,4.18518032036907
3.2,4.17762656560016
3.21666666666667,4.17008633742215
3.23333333333333,4.16255962166487
3.25,4.15504640369854
3.26666666666667,4.14754666843387
3.28333333333333,4.14006040025627
3.3,4.13258758141817
3.31666666666667,4.12512819280323
3.33333333333333,4.11768221522493
3.35,4.11024962932231
3.36666666666667,4.10283041555997
3.38333333333333,4.09542455422803
3.4,4.08803202544218
3.41666666666667,4.08065280913856
3.43333333333333,4.07328688455905
3.45,4.06593422994015
3.46666666666667,4.05859482341824
3.48333333333333,4.05126864312022
3.5,4.04395566716347
3.51666666666667,4.03665587365593
3.53333333333333,4.02936924069601
3.55,4.02209574637266
3.56666666666667,4.01483536876533
3.58333333333333,4.00758808579962
3.6,4.00035387467391
3.61666666666667,3.99313271249002
3.63333333333333,3.98592457640069
3.65,3.9787294436023
3.66666666666667,3.97154729133485
3.68333333333333,3.96437809688197
3.7,3.95722183757093
3.71666666666667,3.9500784907726
3.73333333333333,3.9429480339015
3.75,3.93583044441577
3.76666666666667,3.92872569971089
3.78333333333333,3.92163377675646
3.8,3.91455465255824
3.81666666666667,3.90748830418399
3.83333333333333,3.90043470875479
3.85,3.89339384344499
3.86666666666667,3.88636568548222
3.88333333333333,3.87935021214741
3.9,3.87234740077477
3.91666666666667,3.8653572287518
3.93333333333333,3.85837967351929
3.95,3.8514147125713
3.96666666666667,3.84446232345519
3.98333333333333,3.83752248372144
4,3.83059517066398
4.01666666666667,3.82368036165182
4.03333333333333,3.81677803412135
4.05,3.80988816555762
4.06666666666667,3.80301073349433
4.08333333333333,3.7961457155138
4.1,3.78929308924701
4.11666666666667,3.78245283237359
4.13333333333333,3.7756249226218
4.15,3.76880933776855
4.16666666666667,3.7620060556394
4.18333333333333,3.75521505410854
4.2,3.74843631109882
4.21666666666667,3.74166980458174
4.23333333333333,3.73491551257741
4.25,3.72817341313096
4.26666666666667,3.72144348413761
4.28333333333333,3.71472570358339
4.3,3.70802004952273
4.31666666666667,3.70132650005264
4.33333333333333,3.69464503331274
4.35,3.68797562748522
4.36666666666667,3.6813182607949
4.38333333333333,3.67467291150917
4.4,3.66803955793805
4.41666666666667,3.66141817843412
4.43333333333333,3.65480875139259
4.45,3.64821125525123
4.46666666666667,3.64162566849046
4.48333333333333,3.63505196963324
4.5,3.62849013724516
4.51666666666667,3.62194014993441
4.53333333333333,3.61540198635176
4.55,3.60887562519059
4.56666666666667,3.60236104518687
4.58333333333333,3.59585822511917
4.6,3.5893671437243
4.61666666666667,3.58288777973726
4.63333333333333,3.57642011200027
4.65,3.56996411939396
4.66666666666667,3.56351978083742
4.68333333333333,3.55708707528814
4.7,3.55066598174203
4.71666666666667,3.54425647923347
4.73333333333333,3.53785854683521
4.75,3.53147216365847
4.76666666666667,3.52509730885287
4.78333333333333,3.51873396160648
4.8,3.51238210114577
4.81666666666667,3.50604170673565
4.83333333333333,3.49971275767947
4.85,3.49339523331899
4.86666666666667,3.48708911303439
4.88333333333333,3.48079437624429
4.9,3.47451100240573
4.91666666666667,3.46823897101419
4.93333333333333,3.46197826160355
4.95,3.45572885374615
4.96666666666667,3.44949072705272
4.98333333333333,3.44326386117245
5,3.43704823579294
5.01666666666667,3.43084383064021
5.03333333333333,3.42465062547871
5.05,3.41846860007561
5.06666666666667,3.41229773418719
5.08333333333333,3.40613800766744
5.1,3.39998940040817
5.11666666666667,3.39385189233697
5.13333333333333,3.38772546341722
5.15,3.38161009364807
5.16666666666667,3.37550576306448
5.18333333333333,3.36941245173718
5.2,3.36333013977266
5.21666666666667,3.35725880731324
5.23333333333333,3.351198434537
5.25,3.34514900165779
5.26666666666667,3.33911048892529
5.28333333333333,3.3330828766249
5.3,3.32706614507787
5.31666666666667,3.32106027464119
5.33333333333333,3.31506524570765
5.35,3.30908103870582
5.36666666666667,3.30310763410006
5.38333333333333,3.29714501239052
5.4,3.29119315411311
5.41666666666667,3.28525203983955
5.43333333333333,3.27932165017733
5.45,3.27340196576974
5.46666666666667,3.26749296729583
5.48333333333333,3.26159463547045
5.5,3.25570695104424
5.51666666666667,3.2498298948036
5.53333333333333,3.24396344757076
5.55,3.23810759020367
5.56666666666667,3.23226230359613
5.58333333333333,3.22642756867767
5.6,3.22060336641365
5.61666666666667,3.21478967780517
5.63333333333333,3.20898648388916
5.65,3.20319376573829
5.66666666666667,3.19741150448233
5.68333333333333,3.19163968131251
5.7,3.18587827735848
5.71666666666667,3.18012727377796
5.73333333333333,3.17438665176396
5.75,3.16865639254484
5.76666666666667,3.16293647738423
5.78333333333333,3.15722688758111
5.8,3.15152760446975
5.81666666666667,3.14583860941975
5.83333333333333,3.14015988383603
5.85,3.1344914091588
5.86666666666667,3.12883316686362
5.88333333333333,3.12318513846132
5.9,3.11754730549808
5.91666666666667,3.11191964955538
5.93333333333333,3.10630215225003
5.95,3.10069479523412
5.96666666666667,3.0950975601951
5.98333333333333,3.0895104288557
6,3.08393338297397
6.01666666666667,3.07836640434329
6.03333333333333,3.07280947479235
6.05,3.06726257618514
6.06666666666667,3.06172569042097
6.08333333333333,3.05619879943449
6.1,3.05068188519562
6.11666666666667,3.04517492970962
6.13333333333333,3.03967791501708
6.15,3.03419082319388
6.16666666666667,3.02871363635122
6.18333333333333,3.02324633663561
6.2,3.01778890622888
6.21666666666667,3.0123413273482
6.23333333333333,3.006903582246
6.25,3.00147565321007
6.26666666666667,2.99605752256349
6.28333333333333,2.99064917266468
6.3,2.98525058590734
6.31666666666667,2.97986174472052
6.33333333333333,2.97448263156856
6.35,2.96911322895111
6.36666666666667,2.96375351940317
6.38333333333333,2.95840348549501
6.4,2.95306310977676
6.41666666666667,2.94773237443778
6.43333333333333,2.94241126195183
6.45,2.93709975490384
6.46666666666667,2.9317978359144
6.48333333333333,2.92650548763974
6.5,2.9212226927718
6.51666666666667,2.91594943403814
6.53333333333333,2.91068569420202
6.55,2.90543145606234
6.56666666666667,2.90018670245367
6.58333333333333,2.89495141624625
6.6,2.88972558034597
6.61666666666667,2.88450917769441
6.63333333333333,2.87930219126879
6.65,2.87410460408201
6.66666666666667,2.86891639918262
6.68333333333333,2.86373755965485
6.7,2.85856806861858
6.71666666666667,2.85340790922936
6.73333333333333,2.84825706467841
6.75,2.8431155181926
6.76666666666667,2.83798325303448
6.78333333333333,2.83286025250226
6.8,2.8277464999298
6.81666666666667,2.82264197868665
6.83333333333333,2.81754667217801
6.85,2.81246056382733
6.86666666666667,2.80738363680039
6.88333333333333,2.80231587442019
6.9,2.79725726013281
6.91666666666667,2.79220777741496
6.93333333333333,2.78716740977398
6.95,2.7821361407479
6.96666666666667,2.77711395390537
6.98333333333333,2.77210083284568
7,2.76709676119879
7.01666666666667,2.76210172262529
7.03333333333333,2.75711570081644
7.05,2.75213867949411
7.06666666666667,2.74717064241086
7.08333333333333,2.74221157334988
7.1,2.73726145612499
7.11666666666667,2.73232027458068
7.13333333333333,2.72738801259209
7.15,2.72246465406499
7.16666666666667,2.71755018293581
7.18333333333333,2.71264458317163
7.2,2.70774783877016
7.21666666666667,2.70285993375978
7.23333333333333,2.69798085219951
7.25,2.69311057817901
7.26666666666667,2.68824909581859
7.28333333333333,2.68339638926922
7.3,2.67855244271152
7.31666666666667,2.67371724028603
7.33333333333333,2.66889076616849
7.35,2.66407300459844
7.36666666666667,2.65926393984379
7.38333333333333,2.65446355620082
7.4,2.64967183799417
7.41666666666667,2.64488876957683
7.43333333333333,2.64011433533015
7.45,2.63534851966385
7.46666666666667,2.63059130701602
7.48333333333333,2.6258426818531
7.5,2.62110262866988
7.51666666666667,2.61637113198954
7.53333333333333,2.61164817636358
7.55,2.60693374637191
7.56666666666667,2.60222782662277
7.58333333333333,2.59753040175277
7.6,2.59284145642686
7.61666666666667,2.5881609753384
7.63333333333333,2.58348894320906
7.65,2.57882534478891
7.66666666666667,2.57417016485635
7.68333333333333,2.56952338821816
7.7,2.56488499970948
7.71666666666667,2.56025498419381
7.73333333333333,2.55563332656301
7.75,2.55102001173728
7.76666666666667,2.54641502466523
7.78333333333333,2.54181835032379
7.8,2.53722997371826
7.81666666666667,2.53264987988232
7.83333333333333,2.52807805387798
7.85,2.52351448079564
7.86666666666667,2.51895914575404
7.88333333333333,2.51441203390029
7.9,2.50987313041188
7.91666666666667,2.50534242052926
7.93333333333333,2.50081988945572
7.95,2.49630552239474
7.96666666666667,2.49179930457791
7.98333333333333,2.48730122126488
8,2.48281125774334
8.01666666666667,2.4783293993291
8.03333333333333,2.47385563136599
8.05,2.46938993922593
8.06666666666667,2.46493230830891
8.08333333333333,2.46048272404299
8.1,2.45604117188428
8.11666666666667,2.45160763731698
8.13333333333333,2.44718210585336
8.15,2.44276456303373
8.16666666666667,2.43835499442649
8.18333333333333,2.43395338562813
8.2,2.42955972226315
8.21666666666667,2.42517398998418
8.23333333333333,2.42079617447188
8.25,2.41642626143498
8.26666666666667,2.41206423661031
8.28333333333333,2.40771008576273
8.3,2.4033637946852
8.31666666666667,2.39902534919872
8.33333333333333,2.39469473515238
8.35,2.39037193842332
8.36666666666667,2.38605694491678
8.38333333333333,2.38174974056603
8.4,2.37745031133243
8.41666666666667,2.37315864320541
8.43333333333333,2.36887472220246
8.45,2.36459853436914
8.46666666666667,2.36033006577908
8.48333333333333,2.35606930253398
8.5,2.35181623076362
8.51666666666667,2.34757083662582
8.53333333333333,2.34333310630648
8.55,2.33910302601959
8.56666666666667,2.33488058200718
8.58333333333333,2.33066576053936
8.6,2.32645854791431
8.61666666666667,2.32225893044843
8.63333333333333,2.31806689418756
8.65,2.31388242528297
8.66666666666667,2.30970551003087
8.68333333333333,2.30553613475604
8.7,2.30137428581179
8.71666666666667,2.29721994957999
8.73333333333333,2.29307311247108
8.75,2.28893376092403
8.76666666666667,2.28480188140639
8.78333333333333,2.28067746041425
8.8,2.27656048447226
8.81666666666667,2.27245094013362
8.83333333333333,2.26834881398009
8.85,2.26425409262198
8.86666666666667,2.26016676269815
8.88333333333333,2.25608681087604
8.9,2.25201422385162
8.91666666666667,2.24794898834941
8.93333333333333,2.24389109112251
8.95,2.23984051895256
8.96666666666667,2.23579725864974
8.98333333333333,2.23176129705283
9,2.22773262102911
9.01666666666667,2.22371121747445
9.03333333333333,2.21969707331326
9.05,2.21569017549852
9.06666666666667,2.21169051101175
9.08333333333333,2.20769806686302
9.1,2.20371282992974
9.11666666666667,2.19973478699493
9.13333333333333,2.19576392505659
9.15,2.19180023113877
9.16666666666667,2.18784369229001
9.18333333333333,2.18389429558338
9.2,2.17995202811646
9.21666666666667,2.17601687701138
9.23333333333333,2.17208882941476
9.25,2.16816787249775
9.26666666666667,2.16425399345603
9.28333333333333,2.16034717950978
9.3,2.15644741790372
9.31666666666667,2.15255469590707
9.33333333333333,2.1486690008136
9.35,2.14479031994156
9.36666666666667,2.14091864063377
9.38333333333333,2.13705395025752
9.4,2.13319623620466
9.41666666666667,2.12934548589153
9.43333333333333,2.12550168675901
9.45,2.1216648262725
9.46666666666667,2.11783489192191
9.48333333333333,2.11401187122167
9.5,2.11019575171073
9.51666666666667,2.10638652095259
9.53333333333333,2.10258416653522
9.55,2.09878867607115
9.56666666666667,2.09500003717768
9.58333333333333,2.09121823741808
9.6,2.08744326442885
9.61666666666667,2.08367510587681
9.63333333333333,2.07991374945143
9.65,2.07615918286483
9.66666666666667,2.07241139385178
9.68333333333333,2.06867037016972
9.7,2.06493609959873
9.71666666666667,2.06120856994154
9.73333333333333,2.05748776902355
9.75,2.0537736846928
9.76666666666667,2.05006630482
9.78333333333333,2.0463656172985
9.8,2.0426716100443
9.81666666666667,2.03898427099607
9.83333333333333,2.03530358811512
9.85,2.03162954938542
9.86666666666667,2.0279621428136
9.88333333333333,2.02430135642894
9.9,2.02064717828336
9.91666666666667,2.01699959645145
9.93333333333333,2.01335859903045
9.95,2.00972417414026
9.96666666666667,2.00609630992342
9.98333333333333,2.00247499454514
10,1.99886021619327
10.0166666666667,1.99525196307832
10.0333333333333,1.99165022343345
10.05,1.98805498551449
10.0666666666667,1.9844662375999
10.0833333333333,1.9808839679908
10.1,1.97730816501099
10.1166666666667,1.97373881700689
10.1333333333333,1.9701759123476
10.15,1.96661943942484
10.1666666666667,1.96306938666946
10.1833333333333,1.95952574252332
10.2,1.95598849538077
10.2166666666667,1.95245763365652
10.2333333333333,1.94893314578814
10.25,1.94541502023603
10.2666666666667,1.94190324548343
10.2833333333333,1.9383978100364
10.3,1.93489870242384
10.3166666666667,1.9314059111975
10.3333333333333,1.92791942493195
10.35,1.92443923222461
10.3666666666667,1.9209653216957
10.3833333333333,1.91749768198833
10.4,1.91403630176839
10.4166666666667,1.91058116972465
10.4333333333333,1.90713227456869
10.45,1.90368960503494
10.4666666666667,1.90025314988064
10.4833333333333,1.89682289788589
10.5,1.89339883785362
10.5166666666667,1.8899809586096
10.5333333333333,1.88656924900241
10.55,1.8831636979035
10.5666666666667,1.87976429420713
10.5833333333333,1.87637102683041
10.6,1.87298388471327
10.6166666666667,1.8696028568185
10.6333333333333,1.86622793213169
10.65,1.8628590996613
10.6666666666667,1.85949634843861
10.6833333333333,1.85613966751773
10.7,1.85278904597561
10.7166666666667,1.84944447291204
10.7333333333333,1.84610593744964
10.75,1.84277342873388
10.7666666666667,1.83944693593303
10.7833333333333,1.83612644823823
10.8,1.83281195486344
10.8166666666667,1.82950344504546
10.8333333333333,1.82620090804392
10.85,1.82290433313236
10.8666666666667,1.81961370931021
10.8833333333333,1.81632902566767
10.9,1.81305027143675
10.9166666666667,1.80977743587284
10.9333333333333,1.80651050825465
10.95,1.80324947788422
10.9666666666667,1.79999433408693
10.9833333333333,1.79674506621153
11,1.79350166363007
11.0166666666667,1.79026411573796
11.0333333333333,1.78703241195395
11.05,1.78380654172013
11.0666666666667,1.78058649450191
11.0833333333333,1.77737225978807
11.1,1.7741638270907
11.1166666666667,1.77096118594526
11.1333333333333,1.76776432591052
11.15,1.76457323656861
11.1666666666667,1.76138790752499
11.1833333333333,1.75820832840846
11.2,1.75503448887116
11.2166666666667,1.75186637858857
11.2333333333333,1.74870398725952
11.25,1.74554730460616
11.2666666666667,1.742396320374
11.2833333333333,1.73925102433186
11.3,1.73611140627193
11.3166666666667,1.73297745600973
11.3333333333333,1.72984916334835
11.35,1.72672651783973
11.3666666666667,1.72360950921857
11.3833333333333,1.72049812729298
11.4,1.71739236189078
11.4166666666667,1.71429220285957
11.4333333333333,1.71119764006668
11.45,1.70810866339919
11.4666666666667,1.70502526276393
11.4833333333333,1.70194742808745
11.5,1.69887514931609
11.5166666666667,1.69580841641589
11.5333333333333,1.69274721937268
11.55,1.68969154819199
11.5666666666667,1.68664139289914
11.5833333333333,1.68359674353916
11.6,1.68055759017686
11.6166666666667,1.67752392289675
11.6333333333333,1.67449573180314
11.65,1.67147300702004
11.6666666666667,1.66845573869124
11.6833333333333,1.66544391698025
11.7,1.66243753207034
11.7166666666667,1.65943657416452
11.7333333333333,1.65644103348555
11.75,1.65345090027593
11.7666666666667,1.65046616479792
11.7833333333333,1.64748681733351
11.8,1.64451284818445
11.8166666666667,1.64154424764706
11.8333333333333,1.63858100595978
11.85,1.63562311342991
11.8666666666667,1.63267056038816
11.8833333333333,1.62972333718341
11.9,1.6267814341827
11.9166666666667,1.62384484177124
11.9333333333333,1.62091355035243
11.95,1.61798755034781
11.9666666666667,1.61506683219709
11.9833333333333,1.61215138635818
12,1.60924120330712
12.0166666666667,1.60633627353814
12.0333333333333,1.60343658756364
12.05,1.60054213591417
12.0666666666667,1.59765290913847
12.0833333333333,1.59476889780343
12.1,1.59189009249412
12.1166666666667,1.58901648381378
12.1333333333333,1.58614806238382
12.15,1.5832848188438
12.1666666666667,1.58042674385146
12.1833333333333,1.57757382808272
12.2,1.57472606223164
12.2166666666667,1.57188343701049
12.2333333333333,1.56904594314967
12.25,1.56621357139777
12.2666666666667,1.56338631252153
12.2833333333333,1.56056415730588
12.3,1.55774709655391
12.3166666666667,1.55493512108687
12.3333333333333,1.55212822174418
12.35,1.54932638938345
12.3666666666667,1.54652961488043
12.3833333333333,1.54373788912906
12.4,1.54095120304169
12.4166666666667,1.53816954757002
12.4333333333333,1.53539291362497
12.45,1.53262129210076
12.4666666666667,1.52985467391014
12.4833333333333,1.52709304998451
12.5,1.52433641127384
12.5166666666667,1.52158474874669
12.5333333333333,1.51883805339022
12.55,1.51609631621018
12.5666666666667,1.51335952823094
12.5833333333333,1.51062768049544
12.6,1.5079007640652
12.6166666666667,1.50517877002039
12.6333333333333,1.50246168945971
12.65,1.4997495135005
12.6666666666667,1.49704223327867
12.6833333333333,1.49433983994874
12.7,1.49164232468383
12.7166666666667,1.48894967867562
12.7333333333333,1.48626189313443
12.75,1.48357895928914
12.7666666666667,1.48090086838725
12.7833333333333,1.47822761169483
12.8,1.47555918049657
12.8166666666667,1.47289556609573
12.8333333333333,1.47023675981419
12.85,1.46758275299241
12.8666666666667,1.46493353698943
12.8833333333333,1.46228910318293
12.9,1.45964944296913
12.9166666666667,1.45701454776289
12.9333333333333,1.45438440899763
12.95,1.45175901812539
12.9666666666667,1.4491383666168
12.9833333333333,1.44652244596108
13,1.44391124766603
13.0166666666667,1.44130476325808
13.0333333333333,1.43870298428222
13.05,1.43610590230205
13.0666666666667,1.43351350889978
13.0833333333333,1.43092579564791
13.1,1.42834275383333
13.1166666666667,1.42576437490426
13.1333333333333,1.42319065039862
13.15,1.42062157187353
13.1666666666667,1.41805713090525
13.1833333333333,1.41549731908924
13.2,1.41294212804014
13.2166666666667,1.41039154939175
13.2333333333333,1.40784557479707
13.25,1.40530419592824
13.2666666666667,1.4027674044766
13.2833333333333,1.40023519215267
13.3,1.39770755068613
13.3166666666667,1.39518447182585
13.3333333333333,1.39266594733987
13.35,1.3901519690154
13.3666666666667,1.38764252865882
13.3833333333333,1.38513761809572
13.4,1.38263722917084
13.4166666666667,1.38014135374808
13.4333333333333,1.37764998371055
13.45,1.37516311096053
13.4666666666667,1.37268072741944
13.4833333333333,1.37020282502793
13.5,1.36772939574578
13.5166666666667,1.36526043155198
13.5333333333333,1.36279592444467
13.55,1.36033586644118
13.5666666666667,1.35788024957233
13.5833333333333,1.35542906562014
13.6,1.35298230644325
13.6166666666667,1.35053996404245
13.6333333333333,1.34810203043408
13.65,1.34566849765004
13.6666666666667,1.34323935773778
13.6833333333333,1.34081460276031
13.7,1.33839422479618
13.7166666666667,1.33597821593953
13.7333333333333,1.33356656830002
13.75,1.33115927400288
13.7666666666667,1.32875632518891
13.7833333333333,1.32635771401443
13.8,1.32396343265135
13.8166666666667,1.32157347328712
13.8333333333333,1.31918782812475
13.85,1.3168064893828
13.8666666666667,1.3144294492954
13.8833333333333,1.3120567001122
13.9,1.30968823409846
13.9166666666667,1.30732404353495
13.9333333333333,1.30496412071802
13.95,1.30260845795956
13.9666666666667,1.30025704758703
13.9833333333333,1.29790988194343
14,1.29556695338733
