1,0
1.01666666666667,0.797364536837472
1.03333333333333,1.51488907077784
1.05,2.16045615019834
1.06666666666667,2.74121589285511
1.08333333333333,3.26364216002673
1.1,3.73339422062168
1.11666666666667,4.15565581936789
1.13333333333333,4.5351959383539
1.15,4.87640544438178
1.16666666666667,5.18307031088208
1.18333333333333,5.45839614412608
1.2,5.70539376621763
1.21666666666667,5.92688915656105
1.23333333333333,6.1255234518612
1.25,6.30375214889268
1.26666666666667,6.46367705737013
1.28333333333333,6.60692110216999
1.3,6.73499270358966
1.31666666666667,6.84933118176898
1.33333333333333,6.95130675669025
1.35,7.04222054817821
1.36666666666667,7.12330457590004
1.38333333333333,7.19566224874281
1.4,7.26004886025991
1.41666666666667,7.31716301292296
1.43333333333333,7.3676770421661
1.45,7.41223132950034
1.46666666666667,7.45143430251358
1.48333333333333,7.48586243487054
1.5,7.51605930586579
1.51666666666667,7.5424542835141
1.53333333333333,7.5653688675317
1.55,7.58511728108032
1.56666666666667,7.60199920139888
1.58333333333333,7.61629975980348
1.6,7.62828954168742
1.61666666666667,7.63822458652118
1.63333333333333,7.6463377580384
1.65,7.65279181779549
1.66666666666667,7.65773193983392
1.68333333333333,7.66129825000065
1.7,7.66362424684581
1.71666666666667,7.66483680162264
1.73333333333333,7.66505615828755
1.75,7.66439589701473
1.76666666666667,7.66294834015427
1.78333333333333,7.66078056621613
1.8,7.6579580502154
1.81666666666667,7.65454324784351
1.83333333333333,7.65059559546826
1.85,7.64617151013381
1.86666666666667,7.64132438956067
1.88333333333333,7.63610335389999
1.9,7.63054328626072
1.91666666666667,7.62467431736273
1.93333333333333,7.61852564295148
1.95,7.61212508320175
1.96666666666667,7.60549908271766
1.98333333333333,7.59867271053271
2,7.59166966010974
2.01666666666667,7.58450975468279
2.03333333333333,7.57720701766312
2.05,7.56977508443075
2.06666666666667,7.5622269640901
2.08333333333333,7.55457503905468
2.1,7.54683106504701
2.11666666666667,7.53900617109866
2.13333333333333,7.53111068641329
2.15,7.52315209587974
2.16666666666667,7.51513664774861
2.18333333333333,7.50707041792675
2.2,7.49895919681307
2.21666666666667,7.49080848929851
2.23333333333333,7.48262351476607
2.25,7.47440920709079
2.26666666666667,7.46616980072807
2.28333333333333,7.457908236055
2.3,7.44962734282777
2.31666666666667,7.44132982373931
2.33333333333333,7.43301825141455
2.35,7.42469506841038
2.36666666666667,7.41636258721572
2.38333333333333,7.40802296832492
2.4,7.39967781309237
2.41666666666667,7.39132841111437
2.43333333333333,7.3829760199073
2.45,7.37462183773654
2.46666666666667,7.36626700361651
2.48333333333333,7.35791259731062
2.5,7.34955963933132
2.51666666666667,7.34120902367296
2.53333333333333,7.33286136379467
2.55,7.32451723937222
2.56666666666667,7.31617720503569
2.58333333333333,7.30784178842775
2.6,7.29951149020367
2.61666666666667,7.29118678403125
2.63333333333333,7.28286811415087
2.65,7.27455581667413
2.66666666666667,7.26625015120722
2.68333333333333,7.25795137120352
2.7,7.24965971782791
2.71666666666667,7.2413754199568
2.73333333333333,7.23309869417812
2.75,7.22482974479131
2.76666666666667,7.21656875314759
2.78333333333333,7.20831584119233
2.8,7.20007112079045
2.81666666666667,7.19183469899724
2.83333333333333,7.18360667727614
2.85,7.17538715149877
2.86666666666667,7.16717621194493
2.88333333333333,7.15897394308722
2.9,7.15078040884919
2.91666666666667,7.14259565481596
2.93333333333333,7.13441972533213
2.95,7.12625266220133
2.96666666666667,7.11809450468627
2.98333333333333,7.10994528950867
3,7.10180505084931
3.01666666666667,7.09367381871102
3.03333333333333,7.08555161077286
3.05,7.07743844184582
3.06666666666667,7.06933432584395
3.08333333333333,7.06123927553025
3.1,7.05315330251665
3.11666666666667,7.04507641726401
3.13333333333333,7.03700862907119
3.15,7.02894994341074
3.16666666666667,7.02090036145467
3.18333333333333,7.01285988411263
3.2,7.00482851177637
3.21666666666667,6.99680624431975
3.23333333333333,6.98879308109873
3.25,6.98078902095138
3.26666666666667,6.97279406206023
3.28333333333333,6.96480820034586
3.3,6.9568314303115
3.31666666666667,6.94886374630557
3.33333333333333,6.94090514253618
3.35,6.93295561307115
3.36666666666667,6.92501515183802
3.38333333333333,6.91708375262405
3.4,6.90916140907619
3.41666666666667,6.90124811427444
3.43333333333333,6.89334385978764
3.45,6.88544863699223
3.46666666666667,6.87756243726633
3.48333333333333,6.86968525198753
3.5,6.86181707253291
3.51666666666667,6.853957890279
3.53333333333333,6.84610769660184
3.55,6.83826648287689
3.56666666666667,6.83043424047914
3.58333333333333,6.82261096048823
3.6,6.81479663308387
3.61666666666667,6.80699124846076
3.63333333333333,6.7991947968516
3.65,6.79140726852251
3.66666666666667,6.78362865377307
3.68333333333333,6.77585894293627
3.7,6.76809812637856
3.71666666666667,6.76034619449981
3.73333333333333,6.75260313773333
3.75,6.74486894654587
3.76666666666667,6.7371436114376
3.78333333333333,6.72942712265611
3.8,6.72171946998717
3.81666666666667,6.71402064335158
3.83333333333333,6.70633063270087
3.85,6.69864942801668
3.86666666666667,6.69097701931068
3.88333333333333,6.68331339662465
3.9,6.67565855003042
3.91666666666667,6.66801246962991
3.93333333333333,6.6603751455551
3.95,6.65274656796805
3.96666666666667,6.64512672706091
3.98333333333333,6.63751561305586
4,6.62991321620521
4.01666666666667,6.62231952674859
4.03333333333333,6.61473453457642
4.05,6.6071582296435
4.06666666666667,6.59959060196713
4.08333333333333,6.59203164158515
4.1,6.58448133855584
4.11666666666667,6.57693968295803
4.13333333333333,6.569406664891
4.15,6.56188227447455
4.16666666666667,6.55436650184896
4.18333333333333,6.546859337175
4.2,6.53936077063394
4.21666666666667,6.53187079242755
4.23333333333333,6.52438939277809
4.25,6.51691656192831
4.26666666666667,6.50945229014144
4.28333333333333,6.50199656770123
4.3,6.49454938491191
4.31666666666667,6.48711073209043
4.33333333333333,6.47968059936603
4.35,6.47225897689057
4.36666666666667,6.46484585488939
4.38333333333333,6.45744122360227
4.4,6.45004507328342
4.41666666666667,6.44265739420151
4.43333333333333,6.43527817663963
4.45,6.42790741089533
4.46666666666667,6.42054508728058
4.48333333333333,6.41319119612181
4.5,6.40584572775987
4.51666666666667,6.39850867255006
4.53333333333333,6.39118002086213
4.55,6.38385976308026
4.56666666666667,6.37654788960306
4.58333333333333,6.36924439084361
4.6,6.3619492572294
4.61666666666667,6.35466247920238
4.63333333333333,6.34738404721893
4.65,6.34011395174987
4.66666666666667,6.33285218328047
4.68333333333333,6.32559873231043
4.7,6.31835358935389
4.71666666666667,6.31111674493248
4.73333333333333,6.30388818948019
4.75,6.29666791345954
4.76666666666667,6.28945590736641
4.78333333333333,6.28225216170915
4.8,6.27505666700851
4.81666666666667,6.26786941379771
4.83333333333333,6.26069039262243
4.85,6.25351959404076
4.86666666666667,6.24635700862325
4.88333333333333,6.2392026269529
4.9,6.23205643962513
4.91666666666667,6.22491843724784
4.93333333333333,6.21778861044134
4.95,6.2106669498384
4.96666666666667,6.20355344608424
4.98333333333333,6.19644808983651
5,6.1893508717653
5.01666666666667,6.18226178255316
5.03333333333333,6.17518081289509
5.05,6.1681079534985
5.06666666666667,6.16104319508327
5.08333333333333,6.15398652838172
5.1,6.14693794413861
5.11666666666667,6.13989743311115
5.13333333333333,6.13286498606898
5.15,6.12584059379421
5.16666666666667,6.11882424708136
5.18333333333333,6.11181593673742
5.2,6.1048156535818
5.21666666666667,6.09782338844639
5.23333333333333,6.09083913217549
5.25,6.08386287562586
5.26666666666667,6.07689460970761
5.28333333333333,6.06993432537027
5.3,6.06298201341522
5.31666666666667,6.05603766464919
5.33333333333333,6.04910126989306
5.35,6.04217281998187
5.36666666666667,6.03525230576486
5.38333333333333,6.02833971810541
5.4,6.02143504788108
5.41666666666667,6.01453828598359
5.43333333333333,6.00764942331884
5.45,6.0007684508069
5.46666666666667,5.99389535938198
5.48333333333333,5.9870301399925
5.5,5.98017278360103
5.51666666666667,5.97332328118428
5.53333333333333,5.96648162373318
5.55,5.9596478022528
5.56666666666667,5.95282180776237
5.58333333333333,5.9460036312953
5.6,5.93919326389918
5.61666666666667,5.93239069663575
5.63333333333333,5.92559592058092
5.65,5.91880892682478
5.66666666666667,5.91202970647157
5.68333333333333,5.90525825063972
5.7,5.89849455046182
5.71666666666667,5.89173859708462
5.73333333333333,5.88499038166905
5.75,5.87824989539019
5.76666666666667,5.87151712943731
5.78333333333333,5.86479207501385
5.8,5.85807472333739
5.81666666666667,5.8513650656397
5.83333333333333,5.84466309316672
5.85,5.83796879717856
5.86666666666667,5.83128216894948
5.88333333333333,5.82460319976791
5.9,5.81793188093648
5.91666666666667,5.81126820377196
5.93333333333333,5.80461215960528
5.95,5.79796373975497
5.96666666666667,5.79132293515084
5.98333333333333,5.78468973687718
6,5.77806413614353
6.01666666666667,5.77144612417696
6.03333333333333,5.76483569222209
6.05,5.75823283154105
6.06666666666667,5.75163753341351
6.08333333333333,5.74504978913667
6.1,5.73846959002525
6.11666666666667,5.73189692741154
6.13333333333333,5.72533179264531
6.15,5.71877417709389
6.16666666666667,5.71222407214215
6.18333333333333,5.70568146919246
6.2,5.69914635966475
6.21666666666667,5.69261873499647
6.23333333333333,5.68609858664261
6.25,5.67958590607566
6.26666666666667,5.67308068478568
6.28333333333333,5.66658291428025
6.3,5.66009258608446
6.31666666666667,5.65360969174097
6.33333333333333,5.64713422280993
6.35,5.64066617086905
6.36666666666667,5.63420552751356
6.38333333333333,5.62775228435623
6.4,5.62130643302735
6.41666666666667,5.61486796509478
6.43333333333333,5.60843687173988
6.45,5.60201314442292
6.46666666666667,5.59559677467198
6.48333333333333,5.58918775402818
6.5,5.58278607404578
6.51666666666667,5.5763917262921
6.53333333333333,5.57000470234753
6.55,5.56362499380558
6.56666666666667,5.55725259227282
6.58333333333333,5.55088748936893
6.6,5.54452967672666
6.61666666666667,5.53817914599186
6.63333333333333,5.53183588882344
6.65,5.52549989689343
6.66666666666667,5.51917116188693
6.68333333333333,5.51284967550213
6.7,5.5065354294503
6.71666666666667,5.50022841545582
6.73333333333333,5.49392862525611
6.75,5.48763605060173
6.76666666666667,5.4813506832563
6.78333333333333,5.47507251499653
6.8,5.4688015376122
6.81666666666667,5.46253774290622
6.83333333333333,5.45628112269454
6.85,5.45003166880622
6.86666666666667,5.44378937308342
6.88333333333333,5.43755422734096
6.9,5.4313262232985
6.91666666666667,5.42510535273501
6.93333333333333,5.41889160744485
6.95,5.41268497923439
6.96666666666667,5.40648545992197
6.98333333333333,5.40029304133794
7,5.39410771532463
7.01666666666667,5.38792947373637
7.03333333333333,5.38175830843946
7.05,5.3755942113122
7.06666666666667,5.3694371742449
7.08333333333333,5.36328718913982
7.1,5.35714424791123
7.11666666666667,5.35100834248541
7.13333333333333,5.34487946480059
7.15,5.33875760680702
7.16666666666667,5.33264276046693
7.18333333333333,5.32653491775454
7.2,5.32043407065604
7.21666666666667,5.31434021116965
7.23333333333333,5.30825333130555
7.25,5.30217342308592
7.26666666666667,5.29610047854493
7.28333333333333,5.29003448972873
7.3,5.28397544869548
7.31666666666667,5.2779233475153
7.33333333333333,5.27187817827032
7.35,5.26583993305467
7.36666666666667,5.25980860397445
7.38333333333333,5.25378418314775
7.4,5.24776666270466
7.41666666666667,5.24175603478725
7.43333333333333,5.23575229154959
7.45,5.22975542517929
7.46666666666667,5.22376542789962
7.48333333333333,5.21778229176652
7.5,5.21180600883081
7.51666666666667,5.20583657115822
7.53333333333333,5.19987397082939
7.55,5.19391819993988
7.56666666666667,5.18796925060014
7.58333333333333,5.18202711493555
7.6,5.17609178508639
7.61666666666667,5.17016325320787
7.63333333333333,5.16424151147007
7.65,5.15832655205802
7.66666666666667,5.15241836717165
7.68333333333333,5.14651694902579
7.7,5.1406222898502
7.71666666666667,5.13473438188952
7.73333333333333,5.12885321740333
7.75,5.12297878866611
7.76666666666667,5.11711108796724
7.78333333333333,5.11125010761104
7.8,5.10539583991672
7.81666666666667,5.09954827721839
7.83333333333333,5.09370741186509
7.85,5.08787323622076
7.86666666666667,5.08204574266427
7.88333333333333,5.07622492358937
7.9,5.07041077140474
7.91666666666667,5.06460327853397
7.93333333333333,5.05880243741555
7.95,5.0530082405029
7.96666666666667,5.04722068026434
7.98333333333333,5.04143974918309
8,5.0356654397573
8.01666666666667,5.02989774450001
8.03333333333333,5.02413665593919
8.05,5.01838216661771
8.06666666666667,5.01263426909335
8.08333333333333,5.00689295593886
8.1,5.0011582196856
8.11666666666667,4.99543005263929
8.13333333333333,4.98970844706628
8.15,4.98399339525671
8.16666666666667,4.97828488952456
8.18333333333333,4.97258292220764
8.2,4.96688748566754
8.21666666666667,4.9611985722897
8.23333333333333,4.95551617448338
8.25,4.94984028468163
8.26666666666667,4.94417089534136
8.28333333333333,4.93850799894325
8.3,4.93285158799184
8.31666666666667,4.92720165501546
8.33333333333333,4.92155819256629
8.35,4.91592119322029
8.36666666666667,4.91029064957726
8.38333333333333,4.90466655426083
8.4,4.89904889991842
8.41666666666667,4.8934376792213
8.43333333333333,4.88783288486452
8.45,4.88223450956698
8.46666666666667,4.8766425460714
8.48333333333333,4.87105698714429
8.5,4.86547782557601
8.51666666666667,4.85990505418071
8.53333333333333,4.85433866579639
8.55,4.84877865328483
8.56666666666667,4.84322500953167
8.58333333333333,4.83767772744634
8.6,4.83213679996209
8.61666666666667,4.82660222003601
8.63333333333333,4.82107398064898
8.65,4.81555207480572
8.66666666666667,4.81003649507157
8.68333333333333,4.80452723312662
8.7,4.79902428153602
8.71666666666667,4.79352763293449
8.73333333333333,4.78803727997912
8.75,4.78255321534938
8.76666666666667,4.7770754317471
8.78333333333333,4.7716039218965
8.8,4.76613867854418
8.81666666666667,4.7606796944591
8.83333333333333,4.75522696243262
8.85,4.74978047527845
8.86666666666667,4.74434022583269
8.88333333333333,4.73890620695381
8.9,4.73347841152267
8.91666666666667,4.72805683244248
8.93333333333333,4.72264146263886
8.95,4.71723229505978
8.96666666666667,4.71182932267559
8.98333333333333,4.70643253847903
9,4.7010419354852
9.01666666666667,4.69565750673158
9.03333333333333,4.69027924527803
9.05,4.68490714420679
9.06666666666667,4.67954119662246
9.08333333333333,4.67418139565204
9.1,4.66882773444488
9.11666666666667,4.66348020614166
9.13333333333333,4.65813880313394
9.15,4.65280351807064
9.16666666666667,4.64747434389487
9.18333333333333,4.64215127356302
9.2,4.63683430004476
9.21666666666667,4.63152341632305
9.23333333333333,4.6262186153941
9.25,4.62091989026744
9.26666666666667,4.61562723396582
9.28333333333333,4.61034063952532
9.3,4.60506009999528
9.31666666666667,4.5997856084383
9.33333333333333,4.59451715793029
9.35,4.58925474156041
9.36666666666667,4.58399835243111
9.38333333333333,4.57874798365812
9.4,4.57350362837044
9.41666666666667,4.56826527971036
9.43333333333333,4.56303293083343
9.45,4.55780657490849
9.46666666666667,4.55258620511766
9.48333333333333,4.54737181465633
9.5,4.54216339673317
9.51666666666667,4.53696094457013
9.53333333333333,4.53176445140244
9.55,4.52657391046269
9.56666666666667,4.52138931478028
9.58333333333333,4.51621065746158
9.6,4.51103793167388
9.61666666666667,4.50587113059484
9.63333333333333,4.5007102474125
9.65,4.49555527532527
9.66666666666667,4.49040620754196
9.68333333333333,4.48526303728172
9.7,4.4801257577741
9.71666666666667,4.47499436225901
9.73333333333333,4.46986884398676
9.75,4.46474919621802
9.76666666666667,4.45963541222384
9.78333333333333,4.45452748528562
9.8,4.44942540869519
9.81666666666667,4.44432917575471
9.83333333333333,4.43923877977674
9.85,4.4341542140842
9.86666666666667,4.4290754720104
9.88333333333333,4.42400254689902
9.9,4.41893543210411
9.91666666666667,4.4138741209901
9.93333333333333,4.40881860693182
9.95,4.40376888331443
9.96666666666667,4.39872494353349
9.98333333333333,4.39368678099496
10,4.38865438911513
10.0166666666667,4.3836277613207
10.0333333333333,4.37860689104872
10.05,4.37359177174665
10.0666666666667,4.36858239687266
10.0833333333333,4.36357875985236
10.1,4.35858085406049
10.1166666666667,4.35358867287936
10.1333333333333,4.3486022097024
10.15,4.34362145793411
10.1666666666667,4.33864641099009
10.1833333333333,4.33367706229704
10.2,4.32871340529277
10.2166666666667,4.32375543342618
10.2333333333333,4.31880314015726
10.25,4.31385651895709
10.2666666666667,4.30891556330788
10.2833333333333,4.3039802667029
10.3,4.29905062264655
10.3166666666667,4.29412662465429
10.3333333333333,4.2892082662527
10.35,4.28429554097947
10.3666666666667,4.27938844238337
10.3833333333333,4.27448696402425
10.4,4.2695910994731
10.4166666666667,4.26470084231197
10.4333333333333,4.25981618613403
10.45,4.25493712454352
10.4666666666667,4.25006365115582
10.4833333333333,4.24519575959736
10.5,4.2403334435057
10.5166666666667,4.23547669652949
10.5333333333333,4.23062551232847
10.55,4.22577988457348
10.5666666666667,4.22093980694647
10.5833333333333,4.21610527314045
10.6,4.21127627685958
10.6166666666667,4.20645281181907
10.6333333333333,4.20163487174526
10.65,4.19682245037556
10.6666666666667,4.19201554145851
10.6833333333333,4.18721413875754
10.7,4.18241823617123
10.7166666666667,4.17762782736297
10.7333333333333,4.17284290588195
10.75,4.16806346529503
10.7666666666667,4.16328949918674
10.7833333333333,4.15852100115925
10.8,4.15375796483243
10.8166666666667,4.14900038384378
10.8333333333333,4.14424825184847
10.85,4.13950156251936
10.8666666666667,4.13476030954693
10.8833333333333,4.13002448663936
10.9,4.12529408752247
10.9166666666667,4.12056910593977
10.9333333333333,4.11584953565239
10.95,4.11113537043916
10.9666666666667,4.10642660409656
10.9833333333333,4.10172323043875
11,4.09702524329751
11.0166666666667,4.09233263652234
11.0333333333333,4.08764540398036
11.05,4.08296353955636
11.0666666666667,4.07828703715282
11.0833333333333,4.07361589068985
11.1,4.06895009410525
11.1166666666667,4.06428964135446
11.1333333333333,4.0596345264106
11.15,4.05498474326444
11.1666666666667,4.05034028592443
11.1833333333333,4.04570114841667
11.2,4.04106732478493
11.2166666666667,4.03643880909064
11.2333333333333,4.03181559541289
11.25,4.02719767784843
11.2666666666667,4.0225850505117
11.2833333333333,4.01797770753477
11.3,4.01337564306738
11.3166666666667,4.00877885106859
11.3333333333333,4.00418732486182
11.35,3.99960105815944
11.3666666666667,3.99502004473681
11.3833333333333,3.99044427839387
11.4,3.98587375295518
11.4166666666667,3.98130846226988
11.4333333333333,3.97674840021172
11.45,3.97219356067906
11.4666666666667,3.96764393759485
11.4833333333333,3.96309952490664
11.5,3.95856031658658
11.5166666666667,3.95402630663143
11.5333333333333,3.94949748906253
11.55,3.94497385792585
11.5666666666667,3.94045540729194
11.5833333333333,3.93594213125596
11.6,3.93143402393765
11.6166666666667,3.92693107948137
11.6333333333333,3.92243329205609
11.65,3.91794065585536
11.6666666666667,3.91345316509734
11.6833333333333,3.90897081402478
11.7,3.90449359690505
11.7166666666667,3.90002150803009
11.7333333333333,3.89555454171648
11.75,3.89109269230538
11.7666666666667,3.88663595416254
11.7833333333333,3.88218432167832
11.8,3.87773778926769
11.8166666666667,3.87329635134106
11.8333333333333,3.86886000119727
11.85,3.86442873242179
11.8666666666667,3.86000253911119
11.8833333333333,3.85558141537769
11.9,3.85116535534906
11.9166666666667,3.84675435316874
11.9333333333333,3.84234840299572
11.95,3.83794749900463
11.9666666666667,3.8335516353857
11.9833333333333,3.82916080634477
12,3.82477500610329
12.0166666666667,3.8203942288983
12.0333333333333,3.81601846898247
12.05,3.81164772062407
12.0666666666667,3.80728197810697
12.0833333333333,3.80292123573065
12.1,3.79856548781021
12.1166666666667,3.79421472867634
12.1333333333333,3.78986895267535
12.15,3.78552815416915
12.1666666666667,3.78119232753527
12.1833333333333,3.77686146716682
12.2,3.77253556747255
12.2166666666667,3.76821462287679
12.2333333333333,3.76389862781951
12.25,3.75958757668044
12.2666666666667,3.75528146344155
12.2833333333333,3.75098028235183
12.3,3.74668402772824
12.3166666666667,3.7423926938976
12.3333333333333,3.73810627519652
12.35,3.73382476597139
12.3666666666667,3.72954816057847
12.3833333333333,3.72527645338377
12.4,3.72100963876314
12.4166666666667,3.71674771110224
12.4333333333333,3.71249066479654
12.45,3.7082384942513
12.4666666666667,3.70399119388161
12.4833333333333,3.69974875811237
12.5,3.69551118137827
12.5166666666667,3.69127845812384
12.5333333333333,3.68705058280338
12.55,3.68282754988103
12.5666666666667,3.67860935383074
12.5833333333333,3.67439598913625
12.6,3.67018745029113
12.6166666666667,3.66598373179874
12.6333333333333,3.66178482817226
12.65,3.65759073393468
12.6666666666667,3.6534014436188
12.6833333333333,3.64921695176723
12.7,3.64503725293239
12.7166666666667,3.64086234162688
12.7333333333333,3.63669221228605
12.75,3.63252685939493
12.7666666666667,3.62836627744829
12.7833333333333,3.62421046094977
12.8,3.6200594044119
12.8166666666667,3.61591310235606
12.8333333333333,3.61177154931249
12.85,3.60763473982032
12.8666666666667,3.60350266842753
12.8833333333333,3.59937532969096
12.9,3.59525271817635
12.9166666666667,3.59113482845828
12.9333333333333,3.5870216551202
12.95,3.58291319275444
12.9666666666667,3.57880943596218
12.9833333333333,3.57471037935348
13,3.57061601754727
13.0166666666667,3.56652634517135
13.0333333333333,3.56244135686236
13.05,3.55836104726584
13.0666666666667,3.55428541103618
13.0833333333333,3.55021444283664
13.1,3.54614813733936
13.1166666666667,3.54208648922533
13.1333333333333,3.53802949318442
13.15,3.53397714391535
13.1666666666667,3.52992943612573
13.1833333333333,3.52588636453202
13.2,3.52184792385957
13.2166666666667,3.51781410884256
13.2333333333333,3.51378491422408
13.25,3.50976033475605
13.2666666666667,3.50574036519928
13.2833333333333,3.50172500034055
13.3,3.49771423503886
13.3166666666667,3.49370806396297
13.3333333333333,3.48970648175649
13.35,3.48570948307517
13.3666666666667,3.48171706258683
13.3833333333333,3.47772921497137
13.4,3.47374593492082
13.4166666666667,3.46976721713926
13.4333333333333,3.46579305634289
13.45,3.46182344726
13.4666666666667,3.45785838463097
13.4833333333333,3.45389786320826
13.5,3.44994187775645
13.5166666666667,3.44599042305219
13.5333333333333,3.44204349388423
13.55,3.43810108505341
13.5666666666667,3.43416319137267
13.5833333333333,3.43022980766703
13.6,3.42630092877363
13.6166666666667,3.42237654954166
13.6333333333333,3.41845666483244
13.65,3.41454126951938
13.6666666666667,3.41063035848795
13.6833333333333,3.40672392663575
13.7,3.40282196887245
13.7166666666667,3.39892448011983
13.7333333333333,3.39503145531174
13.75,3.39114288939416
13.7666666666667,3.38725877732511
13.7833333333333,3.38337911407475
13.8,3.37950389462531
13.8166666666667,3.37563311397112
13.8333333333333,3.37176676711859
13.85,3.36790484908625
13.8666666666667,3.3640473549047
13.8833333333333,3.36019427961663
13.9,3.35634561827684
13.9166666666667,3.35250136595221
13.9333333333333,3.34866151751048
13.95,3.34482606703622
13.9666666666667,3.34099500939674
13.9833333333333,3.33716833957748
14,3.33334605256821
