0,0
0.0166666666666667,0.27506771840916
0.0333333333333333,0.523342705121412
0.05,0.747355049814373
0.0666666666666667,0.949408474636368
0.0833333333333333,1.13154903652597
0.1,1.29565200225017
0.116666666666667,1.4434412052178
0.133333333333333,1.57650210927787
0.15,1.69618693803837
0.166666666666667,1.8037139735731
0.183333333333333,1.90022430885521
0.2,1.98678184775724
0.216666666666667,2.06437321889565
0.233333333333333,2.13386812636003
0.25,2.1959910040198
0.266666666666667,2.25141438012803
0.283333333333333,2.30076816990444
0.3,2.34463967553544
0.316666666666667,2.38357353861095
0.333333333333333,2.41804985127639
0.35,2.44846850765941
0.366666666666667,2.47520074689885
0.383333333333333,2.49859428322381
0.4,2.51897330595368
0.416666666666667,2.53663845324034
0.433333333333333,2.55185472807108
0.45,2.56484285929016
0.466666666666667,2.57580775653406
0.483333333333333,2.58494134235115
0.5,2.59242255220174
0.516666666666667,2.59841731996212
0.533333333333333,2.60307190681115
0.55,2.60650813198133
0.566666666666667,2.60883908163951
0.583333333333333,2.61017067239108
0.6,2.61060165127993
0.616666666666667,2.61022358778584
0.633333333333333,2.60911719095728
0.65,2.60734967649236
0.666666666666667,2.60498343900978
0.683333333333333,2.60207691519884
0.7,2.59868458381944
0.716666666666667,2.59485696128411
0.733333333333333,2.59063856848748
0.75,2.58606647727324
0.766666666666667,2.58117509806175
0.783333333333333,2.57599665636125
0.8,2.57056119276791
0.816666666666667,2.56489656052678
0.833333333333333,2.55902730309576
0.85,2.55297385170655
0.866666666666667,2.54675516842907
0.883333333333333,2.54038900923421
0.9,2.53389192399382
0.916666666666667,2.52727925382153
0.933333333333333,2.5205643510629
0.95,2.51375854680125
0.966666666666667,2.50687248110061
0.983333333333333,2.49991602494672
1,2.49289828024706
1,2.49289828024706
1.01666666666667,2.97308935038573
1.03333333333333,3.40582852500315
1.05,3.79554385849627
1.06666666666667,4.14622794531791
1.08333333333333,4.46158375689021
1.1,4.74502532263681
1.11666666666667,4.99981881207811
1.13333333333333,5.22856990876277
1.15,5.43348507217833
1.16666666666667,5.61667781670914
1.18333333333333,5.7801687116364
1.2,5.92588538113814
1.21666666666667,6.05566250428918
1.23333333333333,6.17124181506122
1.25,6.27406297356101
1.26666666666667,6.36513110397845
1.28333333333333,6.44544837876004
1.3,6.51597336223486
1.31666666666667,6.57762096233116
1.33333333333333,6.63126243057632
1.35,6.67772536209684
1.36666666666667,6.71779358105315
1.38333333333333,6.75210852883653
1.4,6.78113397229022
1.41666666666667,6.80532524367909
1.43333333333333,6.82511781909861
1.45,6.8409273184748
1.46666666666667,6.85314950556426
1.48333333333333,6.86216028795414
1.5,6.86831544042735
1.51666666666667,6.8719001166644
1.53333333333333,6.87312454285613
1.55,6.87219551865677
1.56666666666667,6.86931079693552
1.58333333333333,6.86465908377658
1.6,6.85842003847913
1.61666666666667,6.85076427355733
1.63333333333333,6.84185303619526
1.65,6.8318130025329
1.66666666666667,6.82073957491897
1.68333333333333,6.80872661497084
1.7,6.79586386304209
1.71666666666667,6.78223693822251
1.73333333333333,6.76792733833813
1.75,6.75301243995118
1.76666666666667,6.7375652200921
1.78333333333333,6.72164187598724
1.8,6.70528567333636
1.81666666666667,6.68853915420711
1.83333333333333,6.67144298339703
1.85,6.65403594843354
1.86666666666667,6.63635495957392
1.88333333333333,6.61843504980532
1.9,6.60030916472962
1.91666666666667,6.58200217239293
1.93333333333333,6.56353364898591
1.95,6.5449228183651
1.96666666666667,6.52618804945303
1.98333333333333,6.50734685623825
2,6.48841589777532
2.01666666666667,6.46941097818479
2.03333333333333,6.45034690172551
2.05,6.43123461474648
2.06666666666667,6.41208292299382
2.08333333333333,6.39290045665993
2.1,6.37369545676245
2.11666666666667,6.35447577514427
2.13333333333333,6.33524887447346
2.15,6.31602182824337
2.16666666666667,6.29680122680435
2.18333333333333,6.27759183202226
2.2,6.25839755115946
2.21666666666667,6.23922220304108
2.23333333333333,6.22006942950531
2.25,6.20094269540343
2.26666666666667,6.18184528859976
2.28333333333333,6.16278031997173
2.3,6.14375066516768
2.31666666666667,6.12475833980995
2.33333333333333,6.1058050234841
2.35,6.08689235119125
2.36666666666667,6.0680218776087
2.38333333333333,6.04919507708997
2.4,6.03041334366478
2.41666666666667,6.01167799103906
2.43333333333333,5.99299021771543
2.45,5.97435082084276
2.46666666666667,5.95576046783368
2.48333333333333,5.93721980381018
2.5,5.91872943760169
2.51666666666667,5.90028994174514
2.53333333333333,5.88190185248492
2.55,5.86356566977289
2.56666666666667,5.84528183693863
2.58333333333333,5.82705061157643
2.6,5.80887220235778
2.61666666666667,5.79074680701276
2.63333333333333,5.77267460703177
2.65,5.75465576766553
2.66666666666667,5.73669043792505
2.68333333333333,5.71877875058168
2.7,5.70092081057488
2.71666666666667,5.68311663771499
2.73333333333333,5.6653662339837
2.75,5.64766959617302
2.76666666666667,5.63002671396395
2.78333333333333,5.61243756992646
2.8,5.59490213951949
2.81666666666667,5.57742039109091
2.83333333333333,5.55999227938631
2.85,5.54261772060746
2.86666666666667,5.52529662484078
2.88333333333333,5.50802889987312
2.9,5.49081445053217
2.91666666666667,5.47365317868644
2.93333333333333,5.45654498324528
2.95,5.43948976015888
2.96666666666667,5.42248739883805
2.98333333333333,5.40553777154958
3,5.38864074874589
3.01666666666667,5.37179620001484
3.03333333333333,5.35500399386979
3.05,5.33826399774961
3.06666666666667,5.32157607801867
3.08333333333333,5.30494009996685
3.1,5.28835592585991
3.11666666666667,5.27182341056607
3.13333333333333,5.25534240866815
3.15,5.23891277458606
3.16666666666667,5.22253436251713
3.18333333333333,5.20620702643613
3.2,5.18993062009522
3.21666666666667,5.17370499702399
3.23333333333333,5.15753000947907
3.25,5.14140550671604
3.26666666666667,5.12533133822508
3.28333333333333,5.10930735366931
3.3,5.09333340287089
3.31666666666667,5.07740933581092
3.33333333333333,5.0615350026295
3.35,5.04571025362573
3.36666666666667,5.02993493883235
3.38333333333333,5.0142089071644
3.4,4.99853200770821
3.41666666666667,4.98290408991872
3.43333333333333,4.96732500361846
3.45,4.95179459899755
3.46666666666667,4.9363127266137
3.48333333333333,4.9208792373922
3.5,4.90549398262477
3.51666666666667,4.89015681355682
3.53333333333333,4.87486758108973
3.55,4.85962613653021
3.56666666666667,4.84443233163157
3.58333333333333,4.82928601859369
3.6,4.81418705006307
3.61666666666667,4.79913527913277
3.63333333333333,4.78413055934248
3.65,4.76917274467844
3.66666666666667,4.75426168957352
3.68333333333333,4.73939724873327
3.7,4.72457927674973
3.71666666666667,4.70980762868445
3.73333333333333,4.69508216005928
3.75,4.68040272685126
3.76666666666667,4.66576918549258
3.78333333333333,4.65118139287063
3.8,4.63663920632794
3.81666666666667,4.62214248366222
3.83333333333333,4.60769108312635
3.85,4.59328486342839
3.86666666666667,4.57892368373155
3.88333333333333,4.5646074035502
3.9,4.55033588246975
3.91666666666667,4.53610898061711
3.93333333333333,4.52192655857026
3.95,4.50778847734362
3.96666666666667,4.49369459838804
3.98333333333333,4.47964478359084
4,4.46563889527574
4.01666666666667,4.45167679620293
4.03333333333333,4.43775834956904
4.05,4.42388341900712
4.06666666666667,4.41005186858669
4.08333333333333,4.39626356281369
4.1,4.38251836663051
4.11666666666667,4.36881614541582
4.13333333333333,4.35515676475828
4.15,4.34154009060692
4.16666666666667,4.32796598948285
4.18333333333333,4.3144343283161
4.2,4.30094497444558
4.21666666666667,4.28749779561914
4.23333333333333,4.27409265999348
4.25,4.26072943613425
4.26666666666667,4.24740799301598
4.28333333333333,4.23412820002211
4.3,4.22088992694496
4.31666666666667,4.20769304398578
4.33333333333333,4.19453742175472
4.35,4.18142293127081
4.36666666666667,4.168349443962
4.38333333333333,4.15531683166515
4.4,4.142324966626
4.41666666666667,4.12937372149921
4.43333333333333,4.11646296922002
4.45,4.10359258292079
4.46666666666667,4.09076243647453
4.48333333333333,4.07797240415369
4.5,4.06522236060874
4.51666666666667,4.05251218086809
4.53333333333333,4.0398417403382
4.55,4.02721091480348
4.56666666666667,4.01461958042636
4.58333333333333,4.00206761374726
4.6,3.98955489168457
4.61666666666667,3.9770812915347
4.63333333333333,3.96464669097203
4.65,3.95225096804897
4.66666666666667,3.93989400119588
4.68333333333333,3.92757566922115
4.7,3.91529585131112
4.71666666666667,3.90305442703017
4.73333333333333,3.89085127632065
4.75,3.8786862795029
4.76666666666667,3.86655931727526
4.78333333333333,3.85447027071406
4.8,3.84241902127363
4.81666666666667,3.83040545078628
4.83333333333333,3.81842944111961
4.85,3.80649087443965
4.86666666666667,3.79458963387286
4.88333333333333,3.78272560289512
4.9,3.77089866532497
4.91666666666667,3.7591087053236
4.93333333333333,3.74735560739484
4.95,3.73563925638516
4.96666666666667,3.72395953748371
4.98333333333333,3.71231633622223
5,3.70070953847517
5.01666666666667,3.68913903045956
5.03333333333333,3.67760469873514
5.05,3.66610643020425
5.06666666666667,3.65464411211189
5.08333333333333,3.64321763204572
5.1,3.63182687793602
5.11666666666667,3.62047173805575
5.13333333333333,3.60915210102049
5.15,3.59786785578847
5.16666666666667,3.58661889166057
5.18333333333333,3.57540509828033
5.2,3.56422636563391
5.21666666666667,3.55308258405013
5.23333333333333,3.54197364420045
5.25,3.530899437099
5.26666666666667,3.51985985410253
5.28333333333333,3.50885478691044
5.3,3.49788412756478
5.31666666666667,3.48694776845025
5.33333333333333,3.4760456022942
5.35,3.4651775221666
5.36666666666667,3.45434342128258
5.38333333333333,3.44354319233111
5.4,3.43277672952324
5.41666666666667,3.42204392758986
5.43333333333333,3.41134468156461
5.45,3.40067888678384
5.46666666666667,3.39004643888663
5.48333333333333,3.37944723381479
5.5,3.36888116781285
5.51666666666667,3.35834813742809
5.53333333333333,3.34784803951049
5.55,3.33738077121277
5.56666666666667,3.32694622999038
5.58333333333333,3.3165443136015
5.6,3.30617492010701
5.61666666666667,3.29583794787056
5.63333333333333,3.2855332955585
5.65,3.27526086213991
5.66666666666667,3.2650205468866
5.68333333333333,3.25481224937312
5.7,3.24463586947673
5.71666666666667,3.23449130737742
5.73333333333333,3.22437846355791
5.75,3.21429723880365
5.76666666666667,3.20424753420283
5.78333333333333,3.19422925114633
5.8,3.1842422913278
5.81666666666667,3.17428655674358
5.83333333333333,3.16436194969278
5.85,3.15446837277719
5.86666666666667,3.14460572890137
5.88333333333333,3.13477392127257
5.9,3.1249728534008
5.91666666666667,3.11520242909878
5.93333333333333,3.10546255248196
5.95,3.09575312796851
5.96666666666667,3.08607406027934
5.98333333333333,3.07642525443809
6,3.06680661577111
6.01666666666667,3.0572180499075
6.03333333333333,3.04765946277906
6.05,3.03813076062035
6.06666666666667,3.02863184996865
6.08333333333333,3.01916263771959
6.1,3.00972303114953
6.11666666666667,3.00031293780514
6.13333333333333,2.99093226550763
6.15,2.98158092235273
6.16666666666667,2.97225881671072
6.18333333333333,2.9629658572264
6.2,2.9537019528191
6.21666666666667,2.9444670126827
6.23333333333333,2.93526094628558
6.25,2.92608366337069
6.26666666666667,2.91693507395549
6.28333333333333,2.90781508833198
6.3,2.89872361706669
6.31666666666667,2.88966057100067
6.33333333333333,2.88062586124953
6.35,2.87161939920339
6.36666666666667,2.86264109652691
6.38333333333333,2.85369086515929
6.4,2.84476861731425
6.41666666666667,2.83587426548004
6.43333333333333,2.82700772241946
6.45,2.81816890116983
6.46666666666667,2.80935771504299
6.48333333333333,2.80057407762535
6.5,2.79181790277782
6.51666666666667,2.78308910463585
6.53333333333333,2.77438759760942
6.55,2.76571329638306
6.56666666666667,2.75706611591581
6.58333333333333,2.74844597144125
6.6,2.73985277820913
6.61666666666667,2.7312864517236
6.63333333333333,2.72274690809518
6.65,2.7142340636837
6.66666666666667,2.70574783509716
6.68333333333333,2.69728813919176
6.7,2.68885489307193
6.71666666666667,2.68044801409026
6.73333333333333,2.67206741984757
6.75,2.66371302819284
6.76666666666667,2.65538475722328
6.78333333333333,2.6470825252843
6.8,2.63880625096949
6.81666666666667,2.63055585312064
6.83333333333333,2.62233125082775
6.85,2.61413236342901
6.86666666666667,2.60595911051082
6.88333333333333,2.59781141190776
6.9,2.58968918770263
6.91666666666667,2.5815923582264
6.93333333333333,2.57352084405826
6.95,2.5654745660256
6.96666666666667,2.557453445204
6.98333333333333,2.54945740291723
7,2.54148636073728
7.01666666666667,2.53354024048432
7.03333333333333,2.52561896422673
7.05,2.51772245428107
7.06666666666667,2.50985063321213
7.08333333333333,2.50200342383287
7.1,2.49418074920445
7.11666666666667,2.4863825323884
7.13333333333333,2.47860869658488
7.15,2.47085916569991
7.16666666666667,2.46313386387034
7.18333333333333,2.45543271545575
7.2,2.44775564503843
7.21666666666667,2.4401025774234
7.23333333333333,2.43247343763839
7.25,2.42486815093388
7.26666666666667,2.41728664278304
7.28333333333333,2.40972883888177
7.3,2.40219466514871
7.31666666666667,2.39468404772519
7.33333333333333,2.3871969129753
7.35,2.37973318748582
7.36666666666667,2.37229279806626
7.38333333333333,2.36487567174887
7.4,2.35748173578859
7.41666666666667,2.35011091766311
7.43333333333333,2.34276314507282
7.45,2.33543834594086
7.46666666666667,2.32813644841306
7.48333333333333,2.32085738085798
7.5,2.31360107186693
7.51666666666667,2.3063674502539
7.53333333333333,2.29915644505563
7.55,2.29196798553157
7.56666666666667,2.28480200116389
7.58333333333333,2.2776584216575
7.6,2.27053717694001
7.61666666666667,2.26343819716176
7.63333333333333,2.25636141269581
7.65,2.24930675413795
7.66666666666667,2.24227415230669
7.68333333333333,2.23526353824324
7.7,2.22827484320479
7.71666666666667,2.22130799834415
7.73333333333333,2.21436293525704
7.75,2.20743958595734
7.76666666666667,2.20053788265877
7.78333333333333,2.19365775777497
7.8,2.18679914391943
7.81666666666667,2.17996197390553
7.83333333333333,2.17314618074655
7.85,2.16635169765562
7.86666666666667,2.15957845804577
7.88333333333333,2.15282639552992
7.9,2.14609544392085
7.91666666666667,2.13938553723123
7.93333333333333,2.13269660967361
7.95,2.12602859566042
7.96666666666667,2.11938142980399
7.98333333333333,2.1127550469165
8,2.10614938201003
8.01666666666667,2.09956437029653
8.03333333333333,2.09299994718786
8.05,2.08645604829571
8.06666666666667,2.0799326094317
8.08333333333333,2.07342956660732
8.1,2.06694685603391
8.11666666666667,2.06048441412272
8.13333333333333,2.05404217748489
8.15,2.04762008293141
8.16666666666667,2.04121806747317
8.18333333333333,2.03483606832095
8.2,2.02847402288538
8.21666666666667,2.02213186877702
8.23333333333333,2.01580954380625
8.25,2.00950698598339
8.26666666666667,2.00322413351859
8.28333333333333,1.99696092482193
8.3,1.99071729850333
8.31666666666667,1.98449319337261
8.33333333333333,1.97828854843186
8.35,1.97210330263273
8.36666666666667,1.96593739524241
8.38333333333333,1.95979076583426
8.4,1.95366335416376
8.41666666666667,1.94755510016851
8.43333333333333,1.94146594396822
8.45,1.93539582586471
8.46666666666667,1.92934468634191
8.48333333333333,1.92331246606588
8.5,1.91729910588478
8.51666666666667,1.91130454682888
8.53333333333333,1.90532873011059
8.55,1.8993715971244
8.56666666666667,1.89343308944694
8.58333333333333,1.88751314883694
8.6,1.88161171723524
8.61666666666667,1.87572873676482
8.63333333333333,1.86986414973075
8.65,1.86401789862021
8.66666666666667,1.85818992610251
8.68333333333333,1.85238017502907
8.7,1.84658858843342
8.71666666666667,1.84081510953121
8.73333333333333,1.83505968172019
8.75,1.82932224858025
8.76666666666667,1.82360275387336
8.78333333333333,1.81790114154363
8.8,1.81221735571728
8.81666666666667,1.80655134070263
8.83333333333333,1.80090304099013
8.85,1.79527240125234
8.86666666666667,1.78965936634393
8.88333333333333,1.78406388130168
8.9,1.77848589134449
8.91666666666667,1.77292534173101
8.93333333333333,1.7673821774655
8.95,1.76185634416211
8.96666666666667,1.75634778765003
8.98333333333333,1.75085645392342
9,1.74538228914141
9.01666666666667,1.73992523962809
9.03333333333333,1.7344852518725
9.05,1.72906227252868
9.06666666666667,1.72365624841561
9.08333333333333,1.71826712651723
9.1,1.71289485398248
9.11666666666667,1.70753937812522
9.13333333333333,1.7022006464243
9.15,1.69687860652354
9.16666666666667,1.69157320623172
9.18333333333333,1.68628439352257
9.2,1.68101211653481
9.21666666666667,1.67575632357211
9.23333333333333,1.67051696310311
9.25,1.66529398376141
9.26666666666667,1.66008733434558
9.28333333333333,1.65489696381915
9.3,1.64972282131063
9.31666666666667,1.64456485611348
9.33333333333333,1.63942301768613
9.35,1.63429725565197
9.36666666666667,1.62918751979937
9.38333333333333,1.62409376008166
9.4,1.61901592661712
9.41666666666667,1.61395396956142
9.43333333333333,1.60890783889842
9.45,1.60387748515126
9.46666666666667,1.5988628590287
9.48333333333333,1.59386391138765
9.5,1.58888059323316
9.51666666666667,1.58391285571844
9.53333333333333,1.57896065014486
9.55,1.57402392796192
9.56666666666667,1.56910264076728
9.58333333333333,1.56419674030675
9.6,1.55930617847428
9.61666666666667,1.55443090731199
9.63333333333333,1.54957087901013
9.65,1.54472604590711
9.66666666666667,1.53989636048949
9.68333333333333,1.53508177539197
9.7,1.53028224339741
9.71666666666667,1.52549771743682
9.73333333333333,1.52072815058936
9.75,1.51597349608233
9.76666666666667,1.51123370729119
9.78333333333333,1.50650873773954
9.8,1.50179854109915
9.81666666666667,1.49710307118992
9.83333333333333,1.4924222819799
9.85,1.48775612758531
9.86666666666667,1.4831045622705
9.88333333333333,1.47846754044796
9.9,1.47384501666615
9.91666666666667,1.46923694533289
9.93333333333333,1.46464328119254
9.95,1.46006397926092
9.96666666666667,1.45549899468697
9.98333333333333,1.45094828275275
10,1.44641179887345
10.0166666666667,1.4418894985974
10.0333333333333,1.43738133760603
10.05,1.43288727171391
10.0666666666667,1.42840725686874
10.0833333333333,1.42394124915134
10.1,1.41948920477566
10.1166666666667,1.41505108008879
10.1333333333333,1.41062683157091
10.15,1.40621641583537
10.1666666666667,1.40181978962861
10.1833333333333,1.39743690983022
10.2,1.3930677334529
10.2166666666667,1.3887122176425
10.2333333333333,1.38437031967796
10.25,1.38004199697139
10.2666666666667,1.375727207068
10.2833333333333,1.37142590764611
10.3,1.36713805651722
10.3166666666667,1.3628636116259
10.3333333333333,1.35860253104987
10.35,1.35435477299999
10.3666666666667,1.35012029582023
10.3833333333333,1.34589905798769
10.4,1.34169101811259
10.4166666666667,1.33749613493829
10.4333333333333,1.33331436734127
10.45,1.32914567433112
10.4666666666667,1.32499001493437
10.4833333333333,1.32084734818131
10.5,1.31671763350399
10.5166666666667,1.31260083046507
10.5333333333333,1.30849689874678
10.55,1.3044057981508
10.5666666666667,1.30032748859835
10.5833333333333,1.29626193013017
10.6,1.2922090829065
10.6166666666667,1.28816890720708
10.6333333333333,1.28414136343118
10.65,1.28012641209758
10.6666666666667,1.27612401384456
10.6833333333333,1.27213412942992
10.7,1.26815671973096
10.7166666666667,1.26419174574451
10.7333333333333,1.2602391685869
10.75,1.25629894949396
10.7666666666667,1.25237104982106
10.7833333333333,1.24845543104305
10.8,1.24455205475432
10.8166666666667,1.24066088266875
10.8333333333333,1.23678187661974
10.85,1.2329149985602
10.8666666666667,1.22906021056256
10.8833333333333,1.22521747481874
10.9,1.22138675364018
10.9166666666667,1.21756800945786
10.9333333333333,1.21376120482222
10.95,1.20996630240325
10.9666666666667,1.20618326499045
10.9833333333333,1.2024120554928
11,1.19865263693883
11.0166666666667,1.19490497247655
11.0333333333333,1.1911690253735
11.05,1.18744475901672
11.0666666666667,1.18373213691279
11.0833333333333,1.18003112268775
11.1,1.17634168001242
11.1166666666667,1.17266377259058
11.1333333333333,1.16899736436042
11.15,1.16534241937275
11.1666666666667,1.16169890178786
11.1833333333333,1.15806677587554
11.2,1.15444600601502
11.2166666666667,1.15083655669502
11.2333333333333,1.14723839251376
11.25,1.14365147817891
11.2666666666667,1.14007577850761
11.2833333333333,1.13651125842651
11.3,1.13295788297171
11.3166666666667,1.1294156172888
11.3333333333333,1.12588442663282
11.35,1.12236427636834
11.3666666666667,1.11885513196935
11.3833333333333,1.11535695901935
11.4,1.11186972321131
11.4166666666667,1.10839339034767
11.4333333333333,1.10492792634035
11.45,1.10147329721076
11.4666666666667,1.09802946908976
11.4833333333333,1.09459640821772
11.5,1.09117408094445
11.5166666666667,1.08776245372926
11.5333333333333,1.08436149314094
11.55,1.08097116585774
11.5666666666667,1.0775914386674
11.5833333333333,1.07422227846714
11.6,1.07086365226363
11.6166666666667,1.06751552717305
11.6333333333333,1.06417787042103
11.65,1.06085064934271
11.6666666666667,1.05753383138266
11.6833333333333,1.05422738409498
11.7,1.05093127514319
11.7166666666667,1.04764547211477
11.7333333333333,1.04436994245161
11.75,1.04110465399355
11.7666666666667,1.0378495746902
11.7833333333333,1.03460467259197
11.8,1.03136991585009
11.8166666666667,1.02814527271659
11.8333333333333,1.02493071154433
11.85,1.02172620078695
11.8666666666667,1.01853170899894
11.8833333333333,1.01534720483556
11.9,1.01217265705292
11.9166666666667,1.0090080345079
11.9333333333333,1.00585330615823
11.95,1.00270844106242
11.9666666666667,0.999573408379812
11.9833333333333,0.996448177370547
12,0.993332717395582
12.0166666666667,0.990226997916682
12.0333333333333,0.987130988496424
12.05,0.984044658798195
12.0666666666667,0.980967978586195
12.0833333333333,0.977900917725432
12.1,0.974843446181727
12.1166666666667,0.97179553402171
12.1333333333333,0.968757151412824
12.15,0.965728268623319
12.1666666666667,0.962708856022261
12.1833333333333,0.959698884079522
12.2,0.956698323365787
12.2166666666667,0.953707144552553
12.2333333333333,0.950725318408991
12.25,0.947752815375754
12.2666666666667,0.944789606032987
12.2833333333333,0.941835661320289
12.3,0.938890952266823
12.3166666666667,0.935955449991319
12.3333333333333,0.933029125702072
12.35,0.930111950696942
12.3666666666667,0.927203896363355
12.3833333333333,0.924304934178304
12.4,0.921415035708344
12.4166666666667,0.918534172609599
12.4333333333333,0.915662316627758
12.45,0.912799439598075
12.4666666666667,0.909945513445369
12.4833333333333,0.907100510184026
12.5,0.904264401917998
12.5166666666667,0.9014371608408
12.5333333333333,0.898618759235514
12.55,0.895809169474788
12.5666666666667,0.893008364020837
12.5833333333333,0.890216315425439
12.6,0.887432996329938
12.6166666666667,0.884658379465245
12.6333333333333,0.881892437651836
12.65,0.879135143799752
12.6666666666667,0.8763864709086
12.6833333333333,0.873646392067553
12.7,0.870914880455349
12.7166666666667,0.868191909305112
12.7333333333333,0.865477451667869
12.75,0.86277148088299
12.7666666666667,0.860073970433554
12.7833333333333,0.857384893882495
12.8,0.854704224872596
12.8166666666667,0.852031937126491
12.8333333333333,0.849368004446666
12.85,0.846712400715458
12.8666666666667,0.844065099895053
12.8833333333333,0.84142607602749
12.9,0.838795303234657
12.9166666666667,0.836172755718296
12.9333333333333,0.833558407759997
12.95,0.830952233721202
12.9666666666667,0.828354208043204
12.9833333333333,0.825764305247146
13,0.823182499934024
13.0166666666667,0.820608766784684
13.0333333333333,0.818043080559821
13.05,0.815485416099984
13.0666666666667,0.812935748325571
13.0833333333333,0.810394052236831
13.1,0.807860302913866
13.1166666666667,0.805334475516625
13.1333333333333,0.802816545284912
13.15,0.80030648753838
13.1666666666667,0.797804277676533
13.1833333333333,0.795309891178726
13.2,0.792823303604164
13.2166666666667,0.790344490591906
13.2333333333333,0.787873427833948
13.25,0.78541009091863
13.2666666666667,0.782954455675727
13.2833333333333,0.780506498051612
13.3,0.778066194064314
13.3166666666667,0.775633519803519
13.3333333333333,0.773208451430568
13.35,0.770790965178461
13.3666666666667,0.768381037351854
13.3833333333333,0.765978644327058
13.4,0.763583762552042
13.4166666666667,0.761196368546433
13.4333333333333,0.758816438901512
13.45,0.756443950280219
13.4666666666667,0.754078879417148
13.4833333333333,0.751721203118552
13.5,0.749370898262341
13.5166666666667,0.747027941798079
13.5333333333333,0.74469231074699
13.55,0.742363982201951
13.5666666666667,0.740042933327499
13.5833333333333,0.737729141359825
13.6,0.73542258360678
13.6166666666667,0.733123237447868
13.6333333333333,0.730831080334251
13.65,0.728546089788749
13.6666666666667,0.726268243405838
13.6833333333333,0.723997518851649
13.7,0.721733893863972
13.7166666666667,0.719477346252251
13.7333333333333,0.717227853897591
13.75,0.714985394752748
13.7666666666667,0.71274994684214
13.7833333333333,0.710521488261839
13.8,0.708299997179572
13.8166666666667,0.706085451834727
13.8333333333333,0.703877830538257
13.85,0.701677111558576
13.8666666666667,0.69948327322788
13.8833333333333,0.697296294038559
13.9,0.695116152549144
13.9166666666667,0.692942827384318
13.9333333333333,0.690776297234908
13.95,0.68861654085789
13.9666666666667,0.686463537076386
13.9833333333333,0.684317264779665
14,0.682177702923143
