1,0
1.01666666666667,0.647168953086308
1.03333333333333,1.22089666111272
1.05,1.72929048036026
1.06666666666667,2.17959094556159
1.08333333333333,2.57831295011171
1.1,2.93105828565247
1.11666666666667,3.24286207884684
1.13333333333333,3.51832583468261
1.15,3.76164455736603
1.16666666666667,3.97635216692314
1.18333333333333,4.16540419328599
1.2,4.33156562020143
1.21666666666667,4.4774197580627
1.23333333333333,4.60536824390944
1.25,4.71758294818515
1.26666666666667,4.81571634389594
1.28333333333333,4.90117092559804
1.3,4.97527738617002
1.31666666666667,5.03929516148623
1.33333333333333,5.09441243041686
1.35,5.1417461148279
1.36666666666667,5.18222695773811
1.38333333333333,5.21651010328764
1.4,5.24522453075819
1.41666666666667,5.26896642155948
1.43333333333333,5.28829915372259
1.45,5.3037533019
1.46666666666667,5.31582383724073
1.48333333333333,5.32488815303161
1.5,5.33123859153771
1.51666666666667,5.3351572798826
1.53333333333333,5.33691140910723
1.55,5.33675323416994
1.56666666666667,5.33492007394647
1.58333333333333,5.33162799102158
1.6,5.32702984955248
1.61666666666667,5.3212575606007
1.63333333333333,5.3144376002486
1.65,5.30668963980375
1.66666666666667,5.29812654579891
1.68333333333333,5.28885437999205
1.7,5.27896477457397
1.71666666666667,5.26852125167299
1.73333333333333,5.25758347361282
1.75,5.2462080879079
1.76666666666667,5.23444864207512
1.78333333333333,5.22235558363375
1.8,5.20997618174464
1.81666666666667,5.1973478452509
1.83333333333333,5.18449832132417
1.85,5.17145435113957
1.86666666666667,5.15824126372933
1.88333333333333,5.14488297598284
1.9,5.13140199264656
1.91666666666667,5.11781906241638
1.93333333333333,5.10414923841554
1.95,5.09040491825528
1.96666666666667,5.07659803185172
1.98333333333333,5.06273986594655
2,5.04884106410701
2.01666666666667,5.03491162672592
2.03333333333333,5.02096041121736
2.05,5.00699351836438
2.06666666666667,4.99301650019645
2.08333333333333,4.97903464246976
2.1,4.96505293809785
2.11666666666667,4.95107608715156
2.13333333333333,4.93710849646613
2.15,4.92315377427167
2.16666666666667,4.90921446979425
2.18333333333333,4.89529302294013
2.2,4.88139174037752
2.21666666666667,4.8675127955366
2.23333333333333,4.85365822860948
2.25,4.83982993057589
2.26666666666667,4.8260292947951
2.28333333333333,4.81225739509456
2.3,4.79851526392665
2.31666666666667,4.78480387321677
2.33333333333333,4.77112413436337
2.35,4.75747689823792
2.36666666666667,4.74386292431505
2.38333333333333,4.73028271236787
2.4,4.71673668720812
2.41666666666667,4.70322525097277
2.43333333333333,4.68974877839499
2.45,4.67630761680417
2.46666666666667,4.66290208612589
2.48333333333333,4.6495324436261
2.5,4.63619883530899
2.51666666666667,4.62290139392255
2.53333333333333,4.60964024004845
2.55,4.59641548195196
2.56666666666667,4.58322721558189
2.58333333333333,4.57007552402261
2.6,4.55696044845435
2.61666666666667,4.54388199349054
2.63333333333333,4.53084016006949
2.65,4.51783494368352
2.66666666666667,4.50486633437898
2.68333333333333,4.4919343167562
2.7,4.47903886821695
2.71666666666667,4.46617994275434
2.73333333333333,4.45335748492505
2.75,4.44057143761775
2.76666666666667,4.42782174140205
2.78333333333333,4.41510833452854
2.8,4.40243115292877
2.81666666666667,4.38979012786105
2.83333333333333,4.37718517975381
2.85,4.36461622741859
2.86666666666667,4.35208318884559
2.88333333333333,4.3395859811275
2.9,4.32712452045949
2.91666666666667,4.31469872213149
2.93333333333333,4.30230849828968
2.95,4.2899537572494
2.96666666666667,4.27763440718024
2.98333333333333,4.26535035600898
3,4.25310151141953
3.01666666666667,4.24088778085299
3.03333333333333,4.22870907147991
3.05,4.21656528903991
3.06666666666667,4.20445633765137
3.08333333333333,4.19238212146861
3.1,4.18034254479603
3.11666666666667,4.16833751208809
3.13333333333333,4.15636692794929
3.15,4.14443069713421
3.16666666666667,4.13252872448115
3.18333333333333,4.12066091384511
3.2,4.10882716856608
3.21666666666667,4.09702739227589
3.23333333333333,4.08526148888222
3.25,4.0735293625686
3.26666666666667,4.06183091779445
3.28333333333333,4.05016605929504
3.3,4.03853469208152
3.31666666666667,4.02693672142463
3.33333333333333,4.01537205222186
3.35,4.00384058913887
3.36666666666667,3.99234223718421
3.38333333333333,3.98087690166273
3.4,3.96944448817559
3.41666666666667,3.95804490262023
3.43333333333333,3.94667805119044
3.45,3.93534384037627
3.46666666666667,3.92404217696411
3.48333333333333,3.91277296803664
3.5,3.90153612094856
3.51666666666667,3.89033154284786
3.53333333333333,3.87915914102019
3.55,3.86801882309921
3.56666666666667,3.85691049699852
3.58333333333333,3.8458340709116
3.6,3.83478945331189
3.61666666666667,3.82377655295272
3.63333333333333,3.81279527886734
3.65,3.80184554036893
3.66666666666667,3.7909272470506
3.68333333333333,3.78004030878535
3.7,3.76918463572611
3.71666666666667,3.75836013830574
3.73333333333333,3.74756672702291
3.75,3.73680431243498
3.76666666666667,3.7260728055155
3.78333333333333,3.71537211749602
3.8,3.70470215986565
3.81666666666667,3.6940628443711
3.83333333333333,3.68345408301668
3.85,3.67287578806426
3.86666666666667,3.66232787203332
3.88333333333333,3.65181024770092
3.9,3.6413228281017
3.91666666666667,3.63086552652789
3.93333333333333,3.62043825652933
3.95,3.61004093191341
3.96666666666667,3.59967346674513
3.98333333333333,3.58933577534708
4,3.57902777229916
4.01666666666667,3.5687493722246
4.03333333333333,3.55850048997841
4.05,3.54828104081842
4.06666666666667,3.53809094023964
4.08333333333333,3.52793010397429
4.1,3.51779844799175
4.11666666666667,3.50769588849861
4.13333333333333,3.49762234193864
4.15,3.48757772499281
4.16666666666667,3.47756195457927
4.18333333333333,3.46757494785336
4.2,3.45761662220761
4.21666666666667,3.44768689527173
4.23333333333333,3.43778568491264
4.25,3.42791290923444
4.26666666666667,3.4180684865784
4.28333333333333,3.40825233552301
4.3,3.39846437488393
4.31666666666667,3.38870452371401
4.33333333333333,3.3789727013033
4.35,3.36926882717902
4.36666666666667,3.3595928211056
4.38333333333333,3.34994460298215
4.4,3.34032409272591
4.41666666666667,3.33073121081901
4.43333333333333,3.32116587798977
4.45,3.31162801518401
4.46666666666667,3.30211754356503
4.48333333333333,3.29263438451366
4.5,3.28317845962822
4.51666666666667,3.27374969072455
4.53333333333333,3.26434799983596
4.55,3.25497330921331
4.56666666666667,3.24562554132493
4.58333333333333,3.23630461885665
4.6,3.22701046471184
4.61666666666667,3.21774300201133
4.63333333333333,3.20850215409349
4.65,3.19928784451417
4.66666666666667,3.19009999704674
4.68333333333333,3.18093853568205
4.7,3.17180338462848
4.71666666666667,3.16269446831191
4.73333333333333,3.1536117113757
4.75,3.14455503868074
4.76666666666667,3.13552437530542
4.78333333333333,3.12651964654562
4.8,3.11754077791473
4.81666666666667,3.10858769514366
4.83333333333333,3.09966032418079
4.85,3.09075859119204
4.86666666666667,3.08188242256081
4.88333333333333,3.07303174488745
4.9,3.0642064848105
4.91666666666667,3.05540656924446
4.93333333333333,3.04663192546207
4.95,3.03788248093639
4.96666666666667,3.02915816334084
4.98333333333333,3.0204589005492
5,3.01178462063558
5.01666666666667,3.00313525187444
5.03333333333333,2.9945107227406
5.05,2.98591096190923
5.06666666666667,2.97733589825583
5.08333333333333,2.96878546085627
5.1,2.96025957898676
5.11666666666667,2.95175818212385
5.13333333333333,2.94328119994445
5.15,2.93482856232582
5.16666666666667,2.92640019934556
5.18333333333333,2.91799604128162
5.2,2.9096160186123
5.21666666666667,2.90126006201625
5.23333333333333,2.89292810237247
5.25,2.88462007076031
5.26666666666667,2.87633589845947
5.28333333333333,2.86807551694997
5.3,2.85983885791223
5.31666666666667,2.85162585322697
5.33333333333333,2.8434364349753
5.35,2.83527053543864
5.36666666666667,2.82712808709879
5.38333333333333,2.81900902263788
5.4,2.81091327493839
5.41666666666667,2.80284077708315
5.43333333333333,2.79479146235536
5.45,2.78676526423854
5.46666666666667,2.77876211641656
5.48333333333333,2.77078195277365
5.5,2.7628247073944
5.51666666666667,2.75489031437203
5.53333333333333,2.74697870770886
5.55,2.73908982191014
5.56666666666667,2.73122359168268
5.58333333333333,2.72337995192399
5.6,2.71555883772227
5.61666666666667,2.70776018435645
5.63333333333333,2.69998392729614
5.65,2.69223000220167
5.66666666666667,2.68449834492405
5.68333333333333,2.67678889150501
5.7,2.66910157817698
5.71666666666667,2.66143634136309
5.73333333333333,2.65379311767717
5.75,2.64617184392375
5.76666666666667,2.63857245709807
5.78333333333333,2.63099489438607
5.8,2.62343909316439
5.81666666666667,2.61590499100037
5.83333333333333,2.60839252565207
5.85,2.60090163506822
5.86666666666667,2.59343225738829
5.88333333333333,2.58598433094241
5.9,2.57855779421445
5.91666666666667,2.5711525853894
5.93333333333333,2.56376864308914
5.95,2.55640590625015
5.96666666666667,2.54906431398093
5.98333333333333,2.541743805562
6,2.53444432044594
6.01666666666667,2.52716579825734
6.03333333333333,2.51990817879282
6.05,2.51267140202104
6.06666666666667,2.50545540808269
6.08333333333333,2.49826013729049
6.1,2.49108553012919
6.11666666666667,2.48393152725558
6.13333333333333,2.47679806949846
6.15,2.46968509785868
6.16666666666667,2.46259255350911
6.18333333333333,2.45552037779467
6.2,2.44846851223229
6.21666666666667,2.44143689851093
6.23333333333333,2.43442547849161
6.25,2.42743419420735
6.26666666666667,2.42046298786322
6.28333333333333,2.4135118018363
6.3,2.40658057853798
6.31666666666667,2.39966926045686
6.33333333333333,2.39277779046875
6.35,2.38590611161056
6.36666666666667,2.37905416707671
6.38333333333333,2.37222190021913
6.4,2.36540925454728
6.41666666666667,2.35861617372811
6.43333333333333,2.3518426015861
6.45,2.34508848210324
6.46666666666667,2.33835375941903
6.48333333333333,2.33163837783046
6.5,2.32494228179208
6.51666666666667,2.3182654159159
6.53333333333333,2.31160772497148
6.55,2.30496915388587
6.56666666666667,2.29834964774365
6.58333333333333,2.2917491517869
6.6,2.28516761141522
6.61666666666667,2.27860497218571
6.63333333333333,2.272061179813
6.65,2.26553618016922
6.66666666666667,2.259029919284
6.68333333333333,2.25254234334452
6.7,2.24607339869543
6.71666666666667,2.23962303183893
6.73333333333333,2.23319118943469
6.75,2.22677781829994
6.76666666666667,2.22038286540938
6.78333333333333,2.21400627789526
6.8,2.20764800303154
6.81666666666667,2.20130798813761
6.83333333333333,2.19498618075887
6.85,2.18868252860977
6.86666666666667,2.18239697955143
6.88333333333333,2.17612948159167
6.9,2.169879982885
6.91666666666667,2.16364843173262
6.93333333333333,2.15743477658244
6.95,2.15123896602902
6.96666666666667,2.14506094881364
6.98333333333333,2.13890067382427
7,2.13275809009556
7.01666666666667,2.12663314680886
7.03333333333333,2.1205257932922
7.05,2.11443597902031
7.06666666666667,2.1083636536146
7.08333333333333,2.10230876684319
7.1,2.09627126862088
7.11666666666667,2.09025110900914
7.13333333333333,2.08424823821617
7.15,2.07826260659683
7.16666666666667,2.07229416465269
7.18333333333333,2.066342863032
7.2,2.06040865252969
7.21666666666667,2.05449148408741
7.23333333333333,2.04859130879347
7.25,2.0427080778829
7.26666666666667,2.03684174273739
7.28333333333333,2.03099225488535
7.3,2.02515956600185
7.31666666666667,2.01934362790868
7.33333333333333,2.01354439257431
7.35,2.00776181211389
7.36666666666667,2.00199583878927
7.38333333333333,1.996246425009
7.4,1.9905135231777
7.41666666666667,1.98479708544711
7.43333333333333,1.9790970644479
7.45,1.97341341298049
7.46666666666667,1.96774608398555
7.48333333333333,1.96209503054401
7.5,1.95646020587706
7.51666666666667,1.95084156334614
7.53333333333333,1.94523905645297
7.55,1.93965263883951
7.56666666666667,1.93408226428799
7.58333333333333,1.92852788672091
7.6,1.922989460201
7.61666666666667,1.91746693893127
7.63333333333333,1.911960277255
7.65,1.9064694296557
7.66666666666667,1.90099435075717
7.68333333333333,1.89553499532344
7.7,1.89009131825883
7.71666666666667,1.8846632746079
7.73333333333333,1.87925081955548
7.75,1.87385390842664
7.76666666666667,1.86847249668673
7.78333333333333,1.86310653994136
7.8,1.85775599378636
7.81666666666667,1.85242081356013
7.83333333333333,1.84710095509849
7.85,1.84179637439574
7.86666666666667,1.83650702757151
7.88333333333333,1.83123287087078
7.9,1.82597386066384
7.91666666666667,1.82072995344632
7.93333333333333,1.8155011058392
7.95,1.81028727458876
7.96666666666667,1.80508841656665
7.98333333333333,1.79990448876983
8,1.79473544832059
8.01666666666667,1.78958125246656
8.03333333333333,1.78444185858071
8.05,1.77931722416133
8.06666666666667,1.77420730683205
8.08333333333333,1.76911206434183
8.1,1.76403145456497
8.11666666666667,1.75896543550108
8.13333333333333,1.75391396527514
8.15,1.74887700213743
8.16666666666667,1.74385450446357
8.18333333333333,1.73884643075453
8.2,1.73385273956928
8.21666666666667,1.7288733894197
8.23333333333333,1.72390833912236
8.25,1.71895754762536
8.26666666666667,1.71402097399138
8.28333333333333,1.70909857739767
8.3,1.70419031713603
8.31666666666667,1.69929615261282
8.33333333333333,1.69441604334895
8.35,1.68954994897993
8.36666666666667,1.68469782925578
8.38333333333333,1.67985964404111
8.4,1.6750353533151
8.41666666666667,1.67022491717147
8.43333333333333,1.66542829581851
8.45,1.66064544957906
8.46666666666667,1.65587633889054
8.48333333333333,1.65112092430491
8.5,1.64637916648872
8.51666666666667,1.64165102622305
8.53333333333333,1.63693646440355
8.55,1.63223544204045
8.56666666666667,1.62754792025851
8.58333333333333,1.62287386029707
8.6,1.61821322351003
8.61666666666667,1.61356597136585
8.63333333333333,1.60893206544754
8.65,1.60431146745269
8.66666666666667,1.59970413919344
8.68333333333333,1.59511004259649
8.7,1.59052913969391
8.71666666666667,1.58596139255706
8.73333333333333,1.5814067633727
8.75,1.57686521444235
8.76666666666667,1.57233670817537
8.78333333333333,1.56782120708899
8.8,1.56331867380827
8.81666666666667,1.55882907106615
8.83333333333333,1.55435236170341
8.85,1.54988850866868
8.86666666666667,1.54543747501846
8.88333333333333,1.54099922391708
8.9,1.53657371863675
8.91666666666667,1.53216092255751
8.93333333333333,1.52776079916727
8.95,1.52337331206179
8.96666666666667,1.51899842494467
8.98333333333333,1.51463610162738
9,1.51028630602924
9.01666666666667,1.50594900217743
9.03333333333333,1.50162415420696
9.05,1.49731172636073
9.06666666666667,1.49301168298945
9.08333333333333,1.48872398855172
9.1,1.48444860761399
9.11666666666667,1.48018550485053
9.13333333333333,1.47593464504351
9.15,1.47169599308292
9.16666666666667,1.46746951396662
9.18333333333333,1.46325517280032
9.2,1.45905293479758
9.21666666666667,1.45486276527981
9.23333333333333,1.45068462967629
9.25,1.44651849352414
9.26666666666667,1.44236432246834
9.28333333333333,1.43822208213633
9.3,1.43409173783114
9.31666666666667,1.42997325528208
9.33333333333333,1.4258666003628
9.35,1.42177173905074
9.36666666666667,1.41768863742719
9.38333333333333,1.41361726167723
9.4,1.40955757808977
9.41666666666667,1.40550955305752
9.43333333333333,1.40147315307703
9.45,1.39744834474864
9.46666666666667,1.39343509477651
9.48333333333333,1.38943336996864
9.5,1.38544313723681
9.51666666666667,1.38146436359664
9.53333333333333,1.37749701616756
9.55,1.3735410621728
9.56666666666667,1.36959646893943
9.58333333333333,1.36566320389832
9.6,1.36174123458416
9.61666666666667,1.35783052863545
9.63333333333333,1.35393105379451
9.65,1.35004277790748
9.66666666666667,1.34616566892431
9.68333333333333,1.34229969488831
9.7,1.33844482352292
9.71666666666667,1.3346010227424
9.73333333333333,1.33076826073892
9.75,1.32694650579642
9.76666666666667,1.32313572629062
9.78333333333333,1.31933589068902
9.8,1.31554696755089
9.81666666666667,1.3117689255273
9.83333333333333,1.30800173336107
9.85,1.30424535988682
9.86666666666667,1.30049977403094
9.88333333333333,1.2967649448116
9.9,1.29304084133875
9.91666666666667,1.28932743281412
9.93333333333333,1.2856246885312
9.95,1.28193257787529
9.96666666666667,1.27825107032345
9.98333333333333,1.27458013544452
10,1.27091974289911
10.0166666666667,1.26726986243963
10.0333333333333,1.26363046391026
10.05,1.26000151724694
10.0666666666667,1.25638299247741
10.0833333333333,1.25277485972119
10.1,1.24917708911488
10.1166666666667,1.24558965074377
10.1333333333333,1.24201251492648
10.15,1.23844565207348
10.1666666666667,1.23488903267896
10.1833333333333,1.23134262732083
10.2,1.22780640666074
10.2166666666667,1.22428034144402
10.2333333333333,1.22076440249975
10.25,1.21725856074074
10.2666666666667,1.2137627871635
10.2833333333333,1.21027705284826
10.3,1.20680132895899
10.3166666666667,1.20333558674338
10.3333333333333,1.19987979753282
10.35,1.19643393274243
10.3666666666667,1.19299796387107
10.3833333333333,1.1895718625013
10.4,1.18615560029941
10.4166666666667,1.18274914901541
10.4333333333333,1.17935248048302
10.45,1.1759655666197
10.4666666666667,1.17258837942662
10.4833333333333,1.16922089098869
10.5,1.1658630734745
10.5166666666667,1.16251489913641
10.5333333333333,1.15917634031046
10.55,1.15584736941644
10.5666666666667,1.15252795895784
10.5833333333333,1.1492180815219
10.6,1.14591770976788
10.6166666666667,1.14262681636891
10.6333333333333,1.1393453740578
10.65,1.13607335564756
10.6666666666667,1.13281073403102
10.6833333333333,1.12955748218091
10.7,1.12631357314981
10.7166666666667,1.12307898007014
10.7333333333333,1.1198536761542
10.75,1.11663763469414
10.7666666666667,1.11343082906198
10.7833333333333,1.1102332327096
10.8,1.10704481916872
10.8166666666667,1.10386556205095
10.8333333333333,1.10069543504773
10.85,1.09753441193039
10.8666666666667,1.09438246655009
10.8833333333333,1.09123957283787
10.9,1.08810570480462
10.9166666666667,1.08498083654111
10.9333333333333,1.08186494221793
10.95,1.07875799608558
10.9666666666667,1.07565997247438
10.9833333333333,1.07257084579453
11,1.06949059053608
11.0166666666667,1.06641918126895
11.0333333333333,1.0633565926429
11.05,1.06030279938759
11.0666666666667,1.0572577763125
11.0833333333333,1.05422149830698
11.1,1.05119394034025
11.1166666666667,1.04817507746139
11.1333333333333,1.04516488479932
11.15,1.04216333756285
11.1666666666667,1.03917041103588
11.1833333333333,1.03618608043355
11.2,1.03321032089218
11.2166666666667,1.03024310762478
11.2333333333333,1.02728441592853
11.25,1.02433422118483
11.2666666666667,1.02139249885925
11.2833333333333,1.01845922450155
11.3,1.01553437374566
11.3166666666667,1.01261792230973
11.3333333333333,1.00970984599607
11.35,1.00681012069118
11.3666666666667,1.00391872236576
11.3833333333333,1.00103562707469
11.4,0.99816081095702
11.4166666666667,0.995294250236015
11.4333333333333,0.992435921219111
11.45,0.989585800297932
11.4666666666667,0.98674386394829
11.4833333333333,0.983910088730183
11.5,0.981084451287798
11.5166666666667,0.978266928349506
11.5333333333333,0.975457496727864
11.55,0.97265613331962
11.5666666666667,0.969862815105705
11.5833333333333,0.967077519151238
11.6,0.964300222605525
11.6166666666667,0.961530902702057
11.6333333333333,0.958769536758515
11.65,0.956016102176762
11.6666666666667,0.953270576442853
11.6833333333333,0.950532936822446
11.7,0.947803159687183
11.7166666666667,0.945081222225019
11.7333333333333,0.942367101787184
11.75,0.939660775804288
11.7666666666667,0.936962221786325
11.7833333333333,0.934271417322665
11.8,0.931588340082063
11.8166666666667,0.928912967812652
11.8333333333333,0.926245278341947
11.85,0.923585249576842
11.8666666666667,0.920932859503615
11.8833333333333,0.918288086187921
11.9,0.915650907774798
11.9166666666667,0.913021302488663
11.9333333333333,0.910399248633316
11.95,0.907784724591937
11.9666666666667,0.905177708827084
11.9833333333333,0.902578179880699
12,0.899986116374103
12.0166666666667,0.897401497008
12.0333333333333,0.89482430056247
12.05,0.892254505896978
12.0666666666667,0.889692091950369
12.0833333333333,0.887137037740868
12.1,0.884589321919329
12.1166666666667,0.882048922785647
12.1333333333333,0.8795158192776
12.15,0.876989990405281
12.1666666666667,0.874471415243418
12.1833333333333,0.87196007293137
12.2,0.869455942673135
12.2166666666667,0.866959003737341
12.2333333333333,0.864469235457254
12.25,0.861986617230773
12.2666666666667,0.859511128520429
12.2833333333333,0.857042748853391
12.3,0.85458145782146
12.3166666666667,0.852127235081072
12.3333333333333,0.849680060353297
12.35,0.84723991342384
12.3666666666667,0.84480677414304
12.3833333333333,0.84238062242587
12.4,0.839961438251938
12.4166666666667,0.837549201665485
12.4333333333333,0.835143892775387
12.45,0.832745491755157
12.4666666666667,0.830353978842937
12.4833333333333,0.827969334184467
12.5,0.825591537880355
12.5166666666667,0.82322057024803
12.5333333333333,0.820856411662527
12.55,0.818499042555879
12.5666666666667,0.816148443417117
12.5833333333333,0.813804594792268
12.6,0.811467477284356
12.6166666666667,0.809137071553403
12.6333333333333,0.806813358316429
12.65,0.804496318347451
12.6666666666667,0.802185932477481
12.6833333333333,0.799882181594532
12.7,0.797585046643611
12.7166666666667,0.795294508626724
12.7333333333333,0.793010548602875
12.75,0.790733147688064
12.7666666666667,0.788462287055289
12.7833333333333,0.786197947934543
12.8,0.78394011161282
12.8166666666667,0.78168875943411
12.8333333333333,0.779443872799398
12.85,0.77720543316667
12.8666666666667,0.774973422050906
12.8833333333333,0.772747821024086
12.9,0.770528611715185
12.9166666666667,0.768315775810177
12.9333333333333,0.766109294994178
12.95,0.763909150950485
12.9666666666667,0.76171532545394
12.9833333333333,0.759527800332696
13,0.757346557468159
13.0166666666667,0.755171578794993
13.0333333333333,0.753002846301122
13.05,0.750840342027724
13.0666666666667,0.748684048069234
13.0833333333333,0.746533946573346
13.1,0.74439001974101
13.1166666666667,0.742252249826433
13.1333333333333,0.74012061913708
13.15,0.737995110033673
13.1666666666667,0.73587570493019
13.1833333333333,0.733762386293867
13.2,0.731655136645197
13.2166666666667,0.729553938557931
13.2333333333333,0.727458774659074
13.25,0.725369627628893
13.2666666666667,0.723286480200907
13.2833333333333,0.721209315161897
13.3,0.719138115351897
13.3166666666667,0.7170728636642
13.3333333333333,0.715013543045357
13.35,0.712960136495174
13.3666666666667,0.710912627066715
13.3833333333333,0.708870997866302
13.4,0.706835232053514
13.4166666666667,0.704805312841186
13.4333333333333,0.702781223495409
13.45,0.700762947335536
13.4666666666667,0.698750467734173
13.4833333333333,0.696743768114398
13.5,0.694742831823318
13.5166666666667,0.692747642202153
13.5333333333333,0.690758182647197
13.55,0.688774436609823
13.5666666666667,0.686796387596479
13.5833333333333,0.684824019168686
13.6,0.682857314943044
13.6166666666667,0.680896258591227
13.6333333333333,0.678940833839988
13.65,0.676991024471152
13.6666666666667,0.675046814321622
13.6833333333333,0.673108187283377
13.7,0.67117512730347
13.7166666666667,0.669247618384031
13.7333333333333,0.667325644582268
13.75,0.665409190010461
13.7666666666667,0.663498238835968
13.7833333333333,0.661592775281224
13.8,0.659692783623737
13.8166666666667,0.657798248196094
13.8333333333333,0.655909153385954
13.85,0.654025483636056
13.8666666666667,0.652147223444212
13.8833333333333,0.650274357363312
13.9,0.64840687000132
13.9166666666667,0.646544746021276
13.9333333333333,0.644687970141298
13.95,0.642836527134577
13.9666666666667,0.640990401829381
13.9833333333333,0.639149579109056
14,0.637314043912021
